,value,metric,type
0,0.164204968526744,fde,best_of
1,0.03293121564576807,fde,best_of
2,0.26180110219548136,fde,best_of
3,0.15852767736467843,fde,best_of
4,0.41001119120649776,fde,best_of
5,0.24961216023310956,fde,best_of
6,0.5285573421352454,fde,best_of
7,0.0950189579727479,fde,best_of
8,0.44763234198774665,fde,best_of
9,0.2145123098249295,fde,best_of
10,0.4085753105423417,fde,best_of
11,0.18742003137331323,fde,best_of
12,0.304268613088548,fde,best_of
13,0.17286244737614598,fde,best_of
14,0.22771438840217376,fde,best_of
15,0.22164128950988432,fde,best_of
16,0.22614714128149702,fde,best_of
17,0.2797361055531584,fde,best_of
18,0.20318995875107843,fde,best_of
19,0.27139603102488385,fde,best_of
20,0.1341270149752636,fde,best_of
21,0.20113853798148323,fde,best_of
22,0.06525497236119121,fde,best_of
23,0.27240379322364544,fde,best_of
24,0.08129598044934538,fde,best_of
25,0.07733483105980556,fde,best_of
26,0.02266607226095288,fde,best_of
27,0.2022811472261518,fde,best_of
28,0.30472543384890577,fde,best_of
29,0.13749813327136334,fde,best_of
30,0.17186753629222734,fde,best_of
31,0.12225408188335275,fde,best_of
32,0.21859780745708035,fde,best_of
33,0.11616819214314196,fde,best_of
34,0.16524168339277986,fde,best_of
35,0.305566568055758,fde,best_of
36,0.41372526261319326,fde,best_of
37,0.3918224679348411,fde,best_of
38,0.4258148980082604,fde,best_of
39,0.3591156435180937,fde,best_of
40,0.45379956519675435,fde,best_of
41,0.37416587980285304,fde,best_of
42,0.35414592696835606,fde,best_of
43,0.06177937609408216,fde,best_of
44,0.11135441556719186,fde,best_of
45,0.24158470396949067,fde,best_of
46,0.20730587287560004,fde,best_of
47,0.6066952726503416,fde,best_of
48,0.16117856192887028,fde,best_of
49,0.30817609047818967,fde,best_of
50,0.4122319012127303,fde,best_of
51,0.23318617871241207,fde,best_of
52,0.2557468084714506,fde,best_of
53,0.9071225485514552,fde,best_of
54,0.2061024208824035,fde,best_of
55,0.22022902792156906,fde,best_of
56,0.2122642193615658,fde,best_of
57,1.1685396365689484,fde,best_of
58,0.15339078576247717,fde,best_of
59,0.17488042611245322,fde,best_of
60,0.24593676409648801,fde,best_of
61,1.371729113772202,fde,best_of
62,0.22670758303552974,fde,best_of
63,0.18222457361916453,fde,best_of
64,0.2550708377309722,fde,best_of
65,1.1880232950746143,fde,best_of
66,0.2676081662144367,fde,best_of
67,0.27189571022180775,fde,best_of
68,0.27755600579730483,fde,best_of
69,0.04105593342555263,fde,best_of
70,1.1281390425072977,fde,best_of
71,0.2656255602843609,fde,best_of
72,0.1645831193161585,fde,best_of
73,0.10578479803253045,fde,best_of
74,0.09713101868810398,fde,best_of
75,1.882345328730969,fde,best_of
76,0.2048882074816796,fde,best_of
77,0.0740003551925528,fde,best_of
78,0.12999246962573568,fde,best_of
79,0.2001508087593646,fde,best_of
80,0.1930653897918644,fde,best_of
81,0.17773632256763863,fde,best_of
82,2.288187795731283,fde,best_of
83,0.23272298083940487,fde,best_of
84,0.07772723493530055,fde,best_of
85,0.29161479880068575,fde,best_of
86,0.3346042048082746,fde,best_of
87,0.22349499381557456,fde,best_of
88,0.21273600844610532,fde,best_of
89,2.961915985001034,fde,best_of
90,0.2724396589330031,fde,best_of
91,0.061155688516434256,fde,best_of
92,0.19146325463692324,fde,best_of
93,0.3503571130299526,fde,best_of
94,0.10317524429403103,fde,best_of
95,0.2403703468402124,fde,best_of
96,1.7559248017887281,fde,best_of
97,0.2636990605006753,fde,best_of
98,0.20832930382722586,fde,best_of
99,0.26795452184181945,fde,best_of
100,0.33897847602453735,fde,best_of
101,0.28600807741372675,fde,best_of
102,0.1177626945497251,fde,best_of
103,0.8374383618247943,fde,best_of
104,0.1347283866794973,fde,best_of
105,0.25867557135922675,fde,best_of
106,0.08416091587083457,fde,best_of
107,0.4442691497283618,fde,best_of
108,0.3501170744792124,fde,best_of
109,0.22973484852860115,fde,best_of
110,0.10308692007445865,fde,best_of
111,0.27732928988787947,fde,best_of
112,0.15076487810377143,fde,best_of
113,0.3753629318800953,fde,best_of
114,0.17799906051194853,fde,best_of
115,0.2764529224243625,fde,best_of
116,0.09807987401855804,fde,best_of
117,0.3657454056731067,fde,best_of
118,0.20850680888946133,fde,best_of
119,0.35499258848660925,fde,best_of
120,0.31621241711247483,fde,best_of
121,0.3056547089580038,fde,best_of
122,0.24750953594713374,fde,best_of
123,0.31716967389475176,fde,best_of
124,0.16757628540733244,fde,best_of
125,0.23460972715135006,fde,best_of
126,0.4677053353964816,fde,best_of
127,0.23443483739676138,fde,best_of
128,0.15713255021160263,fde,best_of
129,0.23064801518486705,fde,best_of
130,0.5454320632121846,fde,best_of
131,0.13135327955107948,fde,best_of
132,0.2879492312301541,fde,best_of
133,0.4726449681317871,fde,best_of
134,0.12974324576825022,fde,best_of
135,0.5597403082522286,fde,best_of
136,0.28056200957802013,fde,best_of
137,0.44708918790983937,fde,best_of
138,0.33296461964343416,fde,best_of
139,0.2845830313051696,fde,best_of
140,0.44786553983617744,fde,best_of
141,0.15048989528384898,fde,best_of
142,0.5042397253656468,fde,best_of
143,0.38887626397237507,fde,best_of
144,0.2017443071436135,fde,best_of
145,0.295748406021523,fde,best_of
146,0.22111024192877846,fde,best_of
147,0.27909500867256726,fde,best_of
148,0.2068945373797351,fde,best_of
149,0.1760225729520971,fde,best_of
150,0.035905104235261,fde,best_of
151,0.22849951237957533,fde,best_of
152,0.09034253508881977,fde,best_of
153,0.11835556145223675,fde,best_of
154,0.17463255716442502,fde,best_of
155,0.05810341582034341,fde,best_of
156,0.22147546547179006,fde,best_of
157,0.17468399269837112,fde,best_of
158,0.2143119736424231,fde,best_of
159,0.2411149095178628,fde,best_of
160,0.1463043870624597,fde,best_of
161,0.16143135360367966,fde,best_of
162,0.09338823658534227,fde,best_of
163,0.1701357861801611,fde,best_of
164,0.14874692057811625,fde,best_of
165,0.4450680010483036,fde,best_of
166,0.16259250502841907,fde,best_of
167,0.07516820669991711,fde,best_of
168,0.10111214683912022,fde,best_of
169,0.3359448971041569,fde,best_of
170,0.2930268884253665,fde,best_of
171,0.05518633940375181,fde,best_of
172,0.08673271919150405,fde,best_of
173,0.35989888247768553,fde,best_of
174,0.2957708088315841,fde,best_of
175,0.13568963837723255,fde,best_of
176,0.2064291491333113,fde,best_of
177,0.3039443455555715,fde,best_of
178,0.07358185126909589,fde,best_of
179,0.2824382861170946,fde,best_of
180,0.12896713783976052,fde,best_of
181,0.27346957556685436,fde,best_of
182,0.24019467693055954,fde,best_of
183,0.14697716229934343,fde,best_of
184,0.08571567598945522,fde,best_of
185,0.28003030369399834,fde,best_of
186,0.3779706567580274,fde,best_of
187,0.11819975737170921,fde,best_of
188,0.380747262062901,fde,best_of
189,0.2768021483558815,fde,best_of
190,0.28526967966235856,fde,best_of
191,0.09101443047076992,fde,best_of
192,0.3585645705303312,fde,best_of
193,0.33117022417774955,fde,best_of
194,0.28740389692689167,fde,best_of
195,0.1610687595036635,fde,best_of
196,0.12825620290764617,fde,best_of
197,0.38796553842916714,fde,best_of
198,0.16110851746193885,fde,best_of
199,0.1256087313894102,fde,best_of
200,0.15614784393050482,fde,best_of
201,0.3861330181788145,fde,best_of
202,0.13554975406558656,fde,best_of
203,0.1719806033367061,fde,best_of
204,0.29709208829741407,fde,best_of
205,0.35784645331338866,fde,best_of
206,0.27915292113667034,fde,best_of
207,0.11830209936110957,fde,best_of
208,0.20485163094492276,fde,best_of
209,0.2734175461458252,fde,best_of
210,0.40345754432745956,fde,best_of
211,0.33040395105769266,fde,best_of
212,0.2793538331608739,fde,best_of
213,0.5992169113813234,fde,best_of
214,0.2325610442786521,fde,best_of
215,0.31889474239318255,fde,best_of
216,0.6706421473214309,fde,best_of
217,0.17769600833680763,fde,best_of
218,0.20501576931063042,fde,best_of
219,0.9178145127028476,fde,best_of
220,0.2209642374415603,fde,best_of
221,0.3302958338251586,fde,best_of
222,0.10964954477978589,fde,best_of
223,0.08201180194161219,fde,best_of
224,0.25327117108396086,fde,best_of
225,0.14389727417895043,fde,best_of
226,0.14395657672688142,fde,best_of
227,0.3302540841170072,fde,best_of
228,0.15148384086767433,fde,best_of
229,0.13666696029704972,fde,best_of
230,0.2726025166638238,fde,best_of
231,0.1458457575310586,fde,best_of
232,0.10572784051154624,fde,best_of
233,0.2188278642074851,fde,best_of
234,0.2493171931098524,fde,best_of
235,0.19205209985576221,fde,best_of
236,0.13929947979837318,fde,best_of
237,0.2340952516819815,fde,best_of
238,0.19749805079297175,fde,best_of
239,0.20782209510254257,fde,best_of
240,0.3018066734159543,fde,best_of
241,0.08649393762281113,fde,best_of
242,0.23649463299415244,fde,best_of
243,0.45556382340511403,fde,best_of
244,0.5577447971450553,fde,best_of
245,0.5033719082279927,fde,best_of
246,0.5792796186531662,fde,best_of
247,0.6664425509938389,fde,best_of
248,0.2936736630929942,fde,best_of
249,1.0389206807064066,fde,best_of
250,1.0513116251141863,fde,best_of
251,0.30240807818873355,fde,best_of
252,0.34035086851793633,fde,best_of
253,1.4092023468807187,fde,best_of
254,0.36239551714976526,fde,best_of
255,0.25471215507584166,fde,best_of
256,0.6662146611115332,fde,best_of
257,1.8000196152513357,fde,best_of
258,0.2594162248836536,fde,best_of
259,0.3204217899250104,fde,best_of
260,1.1289802241596125,fde,best_of
261,0.15028518997527401,fde,best_of
262,0.22240291931360198,fde,best_of
263,0.28044654324074153,fde,best_of
264,1.733204322145617,fde,best_of
265,0.25933660495530214,fde,best_of
266,0.24672721052512397,fde,best_of
267,1.9020502419743317,fde,best_of
268,0.23146139083673434,fde,best_of
269,0.21514630539001722,fde,best_of
270,0.24575559886050005,fde,best_of
271,0.3232908698520937,fde,best_of
272,0.21679545398273908,fde,best_of
273,1.3017752694787066,fde,best_of
274,0.18921047702695495,fde,best_of
275,0.3263678909039742,fde,best_of
276,1.6802046913049251,fde,best_of
277,0.3249590079172186,fde,best_of
278,0.3060639277161714,fde,best_of
279,0.19185933367780902,fde,best_of
280,0.18914234500028088,fde,best_of
281,0.0574519575273988,fde,best_of
282,1.6903172909007709,fde,best_of
283,0.1834308301808476,fde,best_of
284,0.25739550646552134,fde,best_of
285,2.139842072015946,fde,best_of
286,0.3265847086069642,fde,best_of
287,0.26839897912169836,fde,best_of
288,0.04351515870506057,fde,best_of
289,0.2642878849489187,fde,best_of
290,0.29706719971061,fde,best_of
291,1.8571950772355446,fde,best_of
292,0.2609841694625299,fde,best_of
293,0.16472958860023368,fde,best_of
294,1.292331467123946,fde,best_of
295,0.2515119800497098,fde,best_of
296,0.24921801169494937,fde,best_of
297,0.03161290214437417,fde,best_of
298,0.3655753619910697,fde,best_of
299,0.44896275479526626,fde,best_of
300,1.477641309037489,fde,best_of
301,0.33399947132819424,fde,best_of
302,0.23906465650721964,fde,best_of
303,0.8559056103759997,fde,best_of
304,0.3407163204129115,fde,best_of
305,0.12148583355718062,fde,best_of
306,0.1318564065668127,fde,best_of
307,0.448328835519107,fde,best_of
308,0.5353630938434752,fde,best_of
309,0.5364222352983841,fde,best_of
310,0.407751093769521,fde,best_of
311,0.2158802407918047,fde,best_of
312,0.38835724094080354,fde,best_of
313,0.24674278488690785,fde,best_of
314,0.25975792927345215,fde,best_of
315,0.14412122990772097,fde,best_of
316,0.595383477756183,fde,best_of
317,0.2710482395284524,fde,best_of
318,0.6509777020747298,fde,best_of
319,0.3763569743356378,fde,best_of
320,0.23639726788663237,fde,best_of
321,0.40419635165883466,fde,best_of
322,0.2964016176163201,fde,best_of
323,0.251940433174751,fde,best_of
324,0.1519033259093338,fde,best_of
325,0.5834047365603462,fde,best_of
326,0.3952893591863967,fde,best_of
327,0.23035147840675502,fde,best_of
328,0.25600891697544026,fde,best_of
329,0.09895644056174263,fde,best_of
330,0.31954798848220084,fde,best_of
331,0.03221392871064133,fde,best_of
332,0.1988254642050956,fde,best_of
333,0.08939523380522993,fde,best_of
334,0.46776393125919713,fde,best_of
335,0.03611462478730449,fde,best_of
336,0.20310733995711583,fde,best_of
337,0.09150739203701701,fde,best_of
338,0.22001733356555167,fde,best_of
339,0.04109856630495398,fde,best_of
340,0.4504926382338824,fde,best_of
341,0.13639177942688027,fde,best_of
342,0.26218736487831756,fde,best_of
343,0.15844097621440068,fde,best_of
344,0.23669022320982128,fde,best_of
345,0.3420451141109519,fde,best_of
346,0.4387225580904723,fde,best_of
347,0.19706587418048613,fde,best_of
348,0.25828955667582765,fde,best_of
349,0.1870885368060642,fde,best_of
350,0.37645844708413556,fde,best_of
351,0.4761504704130979,fde,best_of
352,0.06690278566400372,fde,best_of
353,0.5415496641561137,fde,best_of
354,0.10396535221465412,fde,best_of
355,0.2681149234363284,fde,best_of
356,0.37375544030274555,fde,best_of
357,0.25795679875308225,fde,best_of
358,0.4604499975139604,fde,best_of
359,0.18573212896684343,fde,best_of
360,0.4943776981121224,fde,best_of
361,0.2661711357158948,fde,best_of
362,0.1828246318626786,fde,best_of
363,0.33761982394387124,fde,best_of
364,0.23520696566720176,fde,best_of
365,0.35114052957715686,fde,best_of
366,0.13703287091220942,fde,best_of
367,0.3838787129794352,fde,best_of
368,0.1894973982593398,fde,best_of
369,0.19141420653488947,fde,best_of
370,0.17225831964420332,fde,best_of
371,0.23176198969317718,fde,best_of
372,0.19731457499723096,fde,best_of
373,0.1561979816567468,fde,best_of
374,0.21720350988017234,fde,best_of
375,0.20312158162653388,fde,best_of
376,0.18531612568490918,fde,best_of
377,0.1249204955599808,fde,best_of
378,0.444876160511864,fde,best_of
379,0.23938952946022013,fde,best_of
380,0.23300110136070912,fde,best_of
381,0.12826156421619184,fde,best_of
382,0.2356075406589115,fde,best_of
383,0.21207419450139237,fde,best_of
384,0.27933044265852824,fde,best_of
385,0.2739445355022178,fde,best_of
386,0.20354618515450876,fde,best_of
387,0.20045101792723574,fde,best_of
388,0.17701330558197495,fde,best_of
389,0.27808798317844335,fde,best_of
390,0.16608233737610145,fde,best_of
391,0.35822174640647286,fde,best_of
392,0.24316421064552662,fde,best_of
393,0.23144475436785386,fde,best_of
394,0.143599092083791,fde,best_of
395,0.3459467658186473,fde,best_of
396,0.16525525219948403,fde,best_of
397,0.16806567248217555,fde,best_of
398,0.2365890358108589,fde,best_of
399,0.5364545125910745,fde,best_of
400,0.42223468063664216,fde,best_of
401,0.20936468931969202,fde,best_of
402,0.22000340133196933,fde,best_of
403,0.3080312459912209,fde,best_of
404,0.5123030146411093,fde,best_of
405,0.4596418341524279,fde,best_of
406,0.4495469451472153,fde,best_of
407,0.3566774345868102,fde,best_of
408,0.4894763007907202,fde,best_of
409,0.36868085576962195,fde,best_of
410,0.4155102363235137,fde,best_of
411,0.13832931778963162,fde,best_of
412,0.14611818307110083,fde,best_of
413,0.3115521809767357,fde,best_of
414,0.23644724699505446,fde,best_of
415,0.28616984988340466,fde,best_of
416,0.21513775338923033,fde,best_of
417,1.1118721713342128,fde,best_of
418,0.2745787291894575,fde,best_of
419,1.5453596878274791,fde,best_of
420,0.2722419186555441,fde,best_of
421,1.1484033775109384,fde,best_of
422,0.330007358366876,fde,best_of
423,0.03875735165516818,fde,best_of
424,1.0518553676671638,fde,best_of
425,0.3095387478793066,fde,best_of
426,0.2630162168769238,fde,best_of
427,0.26933885690586773,fde,best_of
428,1.6346412790399762,fde,best_of
429,0.03528539701809372,fde,best_of
430,0.2666224245539556,fde,best_of
431,0.03881543950773611,fde,best_of
432,0.3772017084894439,fde,best_of
433,0.19843675716171816,fde,best_of
434,0.19349211498132624,fde,best_of
435,0.24791902212584702,fde,best_of
436,0.07910370411927824,fde,best_of
437,0.12079571007492534,fde,best_of
438,0.20954684887062605,fde,best_of
439,0.22973997205178645,fde,best_of
440,0.4457490054617119,fde,best_of
441,0.17783697465392456,fde,best_of
442,0.1733047028108852,fde,best_of
443,0.18652010568784383,fde,best_of
444,0.030293436095027867,fde,best_of
445,0.3763877575648344,fde,best_of
446,0.04450714442166442,fde,best_of
447,0.1379279766699406,fde,best_of
448,0.3909654785865174,fde,best_of
449,0.23672455080722027,fde,best_of
450,0.3194719646627894,fde,best_of
451,0.09766470324419647,fde,best_of
452,0.0580626771098998,fde,best_of
453,0.15008933212379863,fde,best_of
454,0.19351984973051004,fde,best_of
455,0.20499436682536165,fde,best_of
456,0.2283896508237261,fde,best_of
457,0.17534966065348945,fde,best_of
458,0.31256098803858884,fde,best_of
459,0.2738157166859253,fde,best_of
460,0.35474288134887216,fde,best_of
461,0.22572763608750657,fde,best_of
462,0.08078631379268736,fde,best_of
463,0.2790355907144394,fde,best_of
464,0.3218389911357019,fde,best_of
465,0.3148689089375117,fde,best_of
466,0.2039760867180714,fde,best_of
467,0.11724896955478353,fde,best_of
468,0.2708819520136114,fde,best_of
469,0.3430653901996589,fde,best_of
470,0.08247381658221313,fde,best_of
471,0.06615963010919403,fde,best_of
472,0.13859567501994116,fde,best_of
473,0.02871051877615693,fde,best_of
474,0.22774298686814587,fde,best_of
475,0.20547119249089202,fde,best_of
476,0.15604652825354198,fde,best_of
477,0.13078901683120123,fde,best_of
478,0.044202166619821334,fde,best_of
479,0.10694254061808399,fde,best_of
480,0.20073797662952475,fde,best_of
481,0.2517390028866735,fde,best_of
482,0.07331900468925522,fde,best_of
483,0.019544483292464124,fde,best_of
484,0.12150850964644012,fde,best_of
485,0.07887310163547501,fde,best_of
486,0.28413985398989583,fde,best_of
487,0.16762341146206172,fde,best_of
488,0.02434612499836758,fde,best_of
489,0.22851603706382922,fde,best_of
490,0.034960018287311254,fde,best_of
491,0.35424019146972574,fde,best_of
492,0.2688666753898061,fde,best_of
493,0.358448469761511,fde,best_of
494,0.08294005662185286,fde,best_of
495,0.016145527712835204,fde,best_of
496,0.30632404969924476,fde,best_of
497,0.14949932231239174,fde,best_of
498,0.38940440591598835,fde,best_of
499,0.5879336583145784,fde,best_of
500,0.09832092779545651,fde,best_of
501,0.06574118318659397,fde,best_of
502,0.21141497398131934,fde,best_of
503,0.050072156470280266,fde,best_of
504,0.371888402623833,fde,best_of
505,0.5533411063323854,fde,best_of
506,0.026081876044048265,fde,best_of
507,0.051135838061903645,fde,best_of
508,0.38806682012572913,fde,best_of
509,0.04577870104974447,fde,best_of
510,0.4821173938101717,fde,best_of
511,0.08185262192868575,fde,best_of
512,0.043016875446232075,fde,best_of
513,0.22216265285431394,fde,best_of
514,0.04568829723899671,fde,best_of
515,0.01424229302839524,fde,best_of
516,0.0353781068126172,fde,best_of
517,0.24580154759571157,fde,best_of
518,0.08214338860681603,fde,best_of
519,0.06441601253866384,fde,best_of
520,0.03264399508927131,fde,best_of
521,0.2059909966802982,fde,best_of
522,0.09697444719389862,fde,best_of
523,0.06492906889192544,fde,best_of
524,0.04202910632361657,fde,best_of
525,0.3826196994926271,fde,best_of
526,0.08395746449818645,fde,best_of
527,0.060030116471786056,fde,best_of
528,0.048610583442351085,fde,best_of
529,0.06707563824843603,fde,best_of
530,0.0789220279102961,fde,best_of
531,0.1839845475427078,fde,best_of
532,0.07277626185479052,fde,best_of
533,0.39265386845774536,fde,best_of
534,0.09146893062956532,fde,best_of
535,0.21061461523252475,fde,best_of
536,0.0931316295679566,fde,best_of
537,0.08652154512032524,fde,best_of
538,0.32709983258659725,fde,best_of
539,0.06596030030942007,fde,best_of
540,0.08980938411239754,fde,best_of
541,0.5241051066355377,fde,best_of
542,0.03361198514688539,fde,best_of
543,0.06075795306828477,fde,best_of
544,0.2829343235173803,fde,best_of
545,0.2404671008450179,fde,best_of
546,0.037368534748052275,fde,best_of
547,0.26373437743911526,fde,best_of
548,0.4305912910718255,fde,best_of
549,0.11663424529614362,fde,best_of
550,0.6281081425707428,fde,best_of
551,0.19462887014008975,fde,best_of
552,0.27929544655604677,fde,best_of
553,0.23040916446655688,fde,best_of
554,1.1319569611426863,fde,best_of
555,0.3663659806207493,fde,best_of
556,0.4564779689705899,fde,best_of
557,0.5254158309873503,fde,best_of
558,1.6283678873650151,fde,best_of
559,0.800806334996556,fde,best_of
560,0.6316402356309574,fde,best_of
561,0.7889704438723768,fde,best_of
562,1.442960509492624,fde,best_of
563,0.7298164696153022,fde,best_of
564,0.7554247385039508,fde,best_of
565,0.4698609275989704,fde,best_of
566,0.6733022754841702,fde,best_of
567,0.8630739261728344,fde,best_of
568,0.3717303703659741,fde,best_of
569,0.1423372607901237,fde,best_of
570,0.3978394879856903,fde,best_of
571,0.08874584200618148,fde,best_of
572,0.1150064339573377,fde,best_of
573,0.05185827988082002,fde,best_of
574,0.09539418981821883,fde,best_of
575,0.35121948814199594,fde,best_of
576,0.26795968033297185,fde,best_of
577,0.6874753051730506,fde,best_of
578,0.29313621222110886,fde,best_of
579,0.6591332315534991,fde,best_of
580,0.5385824379434417,fde,best_of
581,0.8420438275373399,fde,best_of
582,0.7400458368208137,fde,best_of
583,1.1324896942782492,fde,best_of
584,0.3017374426673564,fde,best_of
585,1.4681344989194103,fde,best_of
586,0.22640712015025985,fde,best_of
587,1.314372985178339,fde,best_of
588,1.8499908530922256,fde,best_of
589,0.18638599479431842,fde,best_of
590,1.4301975232586244,fde,best_of
591,2.1724619606400224,fde,best_of
592,0.1738433042395686,fde,best_of
593,0.7600969814036267,fde,best_of
594,0.3451989227399936,fde,best_of
595,0.17992940418193784,fde,best_of
596,0.44991522372557946,fde,best_of
597,0.3416779504809276,fde,best_of
598,0.6368631789157415,fde,best_of
599,0.38423321508427766,fde,best_of
600,0.21745514375966976,fde,best_of
601,1.062490661890461,fde,best_of
602,0.6352912943041009,fde,best_of
603,0.17190686559982907,fde,best_of
604,0.6196696125041133,fde,best_of
605,0.408290745189063,fde,best_of
606,0.3168294922698579,fde,best_of
607,0.4279318151943292,fde,best_of
608,0.6496915909927019,fde,best_of
609,0.4721862241786773,fde,best_of
610,0.19108426751969892,fde,best_of
611,0.9009119617586351,fde,best_of
612,0.8140357689116233,fde,best_of
613,0.36116929679044657,fde,best_of
614,0.7644588067981164,fde,best_of
615,1.5137540020846438,fde,best_of
616,0.7133508765330357,fde,best_of
617,0.8648555341655649,fde,best_of
618,0.21627250213962132,fde,best_of
619,2.113758175303585,fde,best_of
620,0.17512384415388146,fde,best_of
621,0.7257622502125237,fde,best_of
622,0.14175142724079562,fde,best_of
623,0.20522214166437483,fde,best_of
624,1.2159153978507917,fde,best_of
625,0.07364167171436681,fde,best_of
626,0.6209216772902993,fde,best_of
627,0.20526830787807535,fde,best_of
628,0.22111129540414726,fde,best_of
629,0.0574698060127553,fde,best_of
630,0.6863979317068987,fde,best_of
631,0.23937551510548305,fde,best_of
632,0.2994682899640665,fde,best_of
633,0.18081837671633988,fde,best_of
634,0.10606798880144407,fde,best_of
635,0.039868058800205164,fde,best_of
636,1.3558776980591563,fde,best_of
637,0.11692455664295559,fde,best_of
638,0.275734826119632,fde,best_of
639,0.1296210574778304,fde,best_of
640,0.21084317157328997,fde,best_of
641,0.032982531018614494,fde,best_of
642,0.5359868279802549,fde,best_of
643,0.13013664159441274,fde,best_of
644,0.4919436589896632,fde,best_of
645,0.31728045146451295,fde,best_of
646,0.19520941829550115,fde,best_of
647,0.23663348926019825,fde,best_of
648,0.5737508718022413,fde,best_of
649,0.09792994263785683,fde,best_of
650,0.08446080287650388,fde,best_of
651,0.27736837867435427,fde,best_of
652,0.09083230603761942,fde,best_of
653,0.3038426674012006,fde,best_of
654,0.5359368723665824,fde,best_of
655,0.12367775129703212,fde,best_of
656,0.4248431800345592,fde,best_of
657,0.24954956894624886,fde,best_of
658,0.13909813503442706,fde,best_of
659,0.3039226137280211,fde,best_of
660,0.15576238485174274,fde,best_of
661,0.03266019157852323,fde,best_of
662,0.12224648004241083,fde,best_of
663,0.11176442510900893,fde,best_of
664,0.2030782063589566,fde,best_of
665,0.194171835063692,fde,best_of
666,0.3979438823260481,fde,best_of
667,0.023062550164597618,fde,best_of
668,0.05506786837971344,fde,best_of
669,0.1198577940413967,fde,best_of
670,0.09007944053193978,fde,best_of
671,0.1627339131359963,fde,best_of
672,0.19428498597154534,fde,best_of
673,0.1026638951412391,fde,best_of
674,0.05322100096689228,fde,best_of
675,0.2233638645421179,fde,best_of
676,0.2615713171402078,fde,best_of
677,0.3539726772370344,fde,best_of
678,0.3697254915673636,fde,best_of
679,0.11213278509792168,fde,best_of
680,0.05533298226463513,fde,best_of
681,0.11836278152422888,fde,best_of
682,0.3098273187090053,fde,best_of
683,0.13423907744703073,fde,best_of
684,0.5208137761324952,fde,best_of
685,0.48438424173721545,fde,best_of
686,0.06731480095905686,fde,best_of
687,0.052886329890281684,fde,best_of
688,0.1503523755505215,fde,best_of
689,0.3807683130092146,fde,best_of
690,0.17476168258276914,fde,best_of
691,0.04283883087441205,fde,best_of
692,0.283670800916786,fde,best_of
693,0.05653985499571865,fde,best_of
694,0.035671307940521695,fde,best_of
695,0.10054638529662548,fde,best_of
696,0.2992268469083095,fde,best_of
697,0.16226598617531712,fde,best_of
698,0.3775445510646347,fde,best_of
699,0.46073313965394874,fde,best_of
700,0.056012090731115634,fde,best_of
701,0.043453918039693576,fde,best_of
702,0.0810051601263431,fde,best_of
703,0.21078725998757974,fde,best_of
704,0.3690201237393754,fde,best_of
705,0.29921465392356783,fde,best_of
706,0.06145079928099631,fde,best_of
707,0.03451783971619648,fde,best_of
708,0.23068387736182508,fde,best_of
709,0.11853068175069507,fde,best_of
710,0.2563612135449158,fde,best_of
711,0.05877443566637757,fde,best_of
712,0.04540945620680861,fde,best_of
713,0.20651976392120885,fde,best_of
714,0.2749852034979049,fde,best_of
715,0.1774494146815665,fde,best_of
716,0.059306304042800975,fde,best_of
717,0.0524408235489929,fde,best_of
718,0.2369649377462951,fde,best_of
719,0.05326893004230654,fde,best_of
720,0.15731843000730705,fde,best_of
721,0.05485881675813958,fde,best_of
722,0.04226721465449176,fde,best_of
723,0.22737147882533448,fde,best_of
724,0.36233849683726294,fde,best_of
725,0.23061246319551867,fde,best_of
726,0.05627988318401312,fde,best_of
727,0.038255998477405566,fde,best_of
728,0.21704718336034842,fde,best_of
729,0.3948536507493118,fde,best_of
730,0.11836201459169388,fde,best_of
731,0.055090731436525105,fde,best_of
732,0.03143095057866393,fde,best_of
733,0.10911910765321998,fde,best_of
734,0.3360036774792668,fde,best_of
735,0.0716512524683624,fde,best_of
736,0.05614961873666675,fde,best_of
737,0.034128631562908705,fde,best_of
738,0.04775533181380532,fde,best_of
739,0.09902085767318068,fde,best_of
740,0.067241733149314,fde,best_of
741,0.060074201270394055,fde,best_of
742,0.035260789997183614,fde,best_of
743,0.05063039505977389,fde,best_of
744,0.42730275375357885,fde,best_of
745,0.1279126282456965,fde,best_of
746,0.05918503326782975,fde,best_of
747,0.03410715689817661,fde,best_of
748,0.03818067346001124,fde,best_of
749,0.4307109114707793,fde,best_of
750,0.057336304129103025,fde,best_of
751,0.05901951015569094,fde,best_of
752,0.037979023934683824,fde,best_of
753,0.0790109217486487,fde,best_of
754,0.3716608978960838,fde,best_of
755,0.13361413553935905,fde,best_of
756,0.0629833154759847,fde,best_of
757,0.034991019571999134,fde,best_of
758,0.09995268212689644,fde,best_of
759,0.44333621956556774,fde,best_of
760,0.296807538399109,fde,best_of
761,0.3335142828648406,fde,best_of
762,0.25393928712097896,fde,best_of
763,0.06336377690090261,fde,best_of
764,0.03694092392150204,fde,best_of
765,0.31544044779133895,fde,best_of
766,0.3204995907881857,fde,best_of
767,0.2737890671423423,fde,best_of
768,0.15281434425270693,fde,best_of
769,0.0658176824408933,fde,best_of
770,0.036228974023593215,fde,best_of
771,0.2951261185303556,fde,best_of
772,0.17532750014972953,fde,best_of
773,0.2526904881197376,fde,best_of
774,0.1249578855191297,fde,best_of
775,0.17057008511941327,fde,best_of
776,0.06572048672860187,fde,best_of
777,0.03697275538984147,fde,best_of
778,0.2399103716785424,fde,best_of
779,0.05753927769972029,fde,best_of
780,0.1156711907458295,fde,best_of
781,0.19421318866564066,fde,best_of
782,0.21418280545963322,fde,best_of
783,0.06558767412700348,fde,best_of
784,0.03621543606875529,fde,best_of
785,0.16880383889471343,fde,best_of
786,0.0701436473765394,fde,best_of
787,0.23793328299319527,fde,best_of
788,0.1512108951889856,fde,best_of
789,0.0630285090567393,fde,best_of
790,0.034670877660368124,fde,best_of
791,0.06312047426912373,fde,best_of
792,0.15495188184805672,fde,best_of
793,0.07228543441695587,fde,best_of
794,0.061715047035427004,fde,best_of
795,0.03858861463139071,fde,best_of
796,0.048816387287776056,fde,best_of
797,0.39134428339298105,fde,best_of
798,0.05039142652970247,fde,best_of
799,0.20536178156504814,fde,best_of
800,0.06222883982310395,fde,best_of
801,0.03408350239683165,fde,best_of
802,0.14894725951448798,fde,best_of
803,0.32123898820246716,fde,best_of
804,0.0386551050296528,fde,best_of
805,0.1443318915950928,fde,best_of
806,0.06224304556812913,fde,best_of
807,0.0351131034641309,fde,best_of
808,0.27660129607591843,fde,best_of
809,0.3572859835166777,fde,best_of
810,0.21355977706089244,fde,best_of
811,0.18693495018303208,fde,best_of
812,0.06406131008566142,fde,best_of
813,0.033718168951864906,fde,best_of
814,0.21173579922257754,fde,best_of
815,0.017993786037304435,fde,best_of
816,0.19169287658523088,fde,best_of
817,0.25490394760131796,fde,best_of
818,0.0643253303794164,fde,best_of
819,0.0645499118355523,fde,best_of
820,0.21864880724543684,fde,best_of
821,0.27453489887284355,fde,best_of
822,0.1317795828976611,fde,best_of
823,0.16985651610625102,fde,best_of
824,0.06505873480336447,fde,best_of
825,0.09864608173155506,fde,best_of
826,0.29125043942437884,fde,best_of
827,0.27414487561677026,fde,best_of
828,0.15682333725109873,fde,best_of
829,0.184437475210155,fde,best_of
830,0.06278225325563541,fde,best_of
831,0.26759119169912915,fde,best_of
832,0.021813693980752526,fde,best_of
833,0.24301858502778978,fde,best_of
834,0.21836467279857122,fde,best_of
835,0.1878553098605396,fde,best_of
836,0.06779346735937584,fde,best_of
837,0.41099188265927766,fde,best_of
838,0.0605817830930812,fde,best_of
839,0.15096065502376815,fde,best_of
840,0.140495630360916,fde,best_of
841,0.3678598218697338,fde,best_of
842,0.0658671291374957,fde,best_of
843,0.30771843803685184,fde,best_of
844,0.1672650282745806,fde,best_of
845,0.12641297381776864,fde,best_of
846,0.29173697819126393,fde,best_of
847,0.06765645752593967,fde,best_of
848,0.2981721922392801,fde,best_of
849,0.29857985852517727,fde,best_of
850,0.12386259550790103,fde,best_of
851,0.6534875042010508,fde,best_of
852,0.24612588615419329,fde,best_of
853,0.23181484545759967,fde,best_of
854,0.12626415300745047,fde,best_of
855,0.5758334483847884,fde,best_of
856,0.20652835320384158,fde,best_of
857,0.20513832591054637,fde,best_of
858,0.18319138299896415,fde,best_of
859,0.7648040611400658,fde,best_of
860,0.27729977114911214,fde,best_of
861,0.21220490355819133,fde,best_of
862,0.24535894678865147,fde,best_of
863,0.9823589770939813,fde,best_of
864,0.2516948516825469,fde,best_of
865,0.2883164870271706,fde,best_of
866,0.4772782787911881,fde,best_of
867,0.28600385885028917,fde,best_of
868,0.14769477616986848,fde,best_of
869,0.18655661218686598,fde,best_of
870,0.17550514327611183,fde,best_of
871,0.320631111944428,fde,best_of
872,0.8471461926775266,fde,best_of
873,0.2438038769602479,fde,best_of
874,0.4701704435438539,fde,best_of
875,1.3357016489195341,fde,best_of
876,0.4958888383461328,fde,best_of
877,0.48024533341305126,fde,best_of
878,1.4860675021601033,fde,best_of
879,0.2209653690154809,fde,best_of
880,0.38056771522782473,fde,best_of
881,2.111359897501846,fde,best_of
882,0.31801919709442567,fde,best_of
883,0.2902041314609715,fde,best_of
884,0.32106416557491074,fde,best_of
885,0.6503369004068108,fde,best_of
886,0.2593600253205381,fde,best_of
887,0.2405714570787633,fde,best_of
888,0.4392049757876051,fde,best_of
889,0.364800221643505,fde,best_of
890,0.5677338445920828,fde,best_of
891,0.4608695773684365,fde,best_of
892,0.3032065020794265,fde,best_of
893,0.4493330958228583,fde,best_of
894,0.7041611476946469,fde,best_of
895,0.10017164957532396,fde,best_of
896,0.317762962733156,fde,best_of
897,0.21108571453532501,fde,best_of
898,0.3206334176611961,fde,best_of
899,0.2723189160857344,fde,best_of
900,0.42742366041001195,fde,best_of
901,0.18304756202824035,fde,best_of
902,0.13393760349733308,fde,best_of
903,0.2878213415957224,fde,best_of
904,0.13809169119907347,fde,best_of
905,0.11091641613518476,fde,best_of
906,0.3894702895171879,fde,best_of
907,0.10839508428355818,fde,best_of
908,0.39255044285611557,fde,best_of
909,0.35484313699489495,fde,best_of
910,0.08939114882332888,fde,best_of
911,0.5485259496365207,fde,best_of
912,0.37819994867990586,fde,best_of
913,0.14756607341255554,fde,best_of
914,0.07128603944685806,fde,best_of
915,0.3699446418593017,fde,best_of
916,0.04364600965836812,fde,best_of
917,0.020686133541128922,fde,best_of
918,0.3614081105638827,fde,best_of
919,0.12499292805559632,fde,best_of
920,0.04829351220880301,fde,best_of
921,0.09059219462801932,fde,best_of
922,0.087252973649975,fde,best_of
923,0.13335438318521944,fde,best_of
924,0.03873513387945074,fde,best_of
925,0.05292428540783304,fde,best_of
926,0.05907244511724761,fde,best_of
927,0.06794213385217872,fde,best_of
928,0.060598107768711565,fde,best_of
929,0.3053024034525381,fde,best_of
930,0.07426601207056276,fde,best_of
931,0.5349590891446326,fde,best_of
932,0.047048794358425426,fde,best_of
933,0.32683050028925176,fde,best_of
934,0.031172221646292873,fde,best_of
935,0.32422777438638833,fde,best_of
936,0.07425984062780319,fde,best_of
937,0.8747305323688729,fde,best_of
938,0.07673833032417342,fde,best_of
939,0.08550130077126115,fde,best_of
940,0.0922194630468911,fde,best_of
941,0.10041705326145398,fde,best_of
942,0.1111212511174822,fde,best_of
943,0.11919886049110044,fde,best_of
944,0.07961771167316439,fde,best_of
945,0.025295932876038454,fde,best_of
946,0.07812917401915354,fde,best_of
947,0.034144966268819445,fde,best_of
948,0.07096762762485981,fde,best_of
949,0.056967070412291945,fde,best_of
950,0.052976741715278525,fde,best_of
951,0.0633396224949569,fde,best_of
952,0.3822372718707047,fde,best_of
953,0.033730519184652606,fde,best_of
954,0.41834103934777744,fde,best_of
955,0.06041094550696882,fde,best_of
956,0.5036425275540192,fde,best_of
957,0.05261198934198011,fde,best_of
958,0.4476677741939746,fde,best_of
959,0.051691682071583395,fde,best_of
960,0.06380799547473814,fde,best_of
961,0.05334673619742402,fde,best_of
962,0.12586305104869067,fde,best_of
963,0.05685120876144139,fde,best_of
964,0.05980400841242912,fde,best_of
965,0.15779004625429383,fde,best_of
966,0.05995969984147982,fde,best_of
967,0.2512542919767815,fde,best_of
968,0.10931202798784012,fde,best_of
969,0.06361055719881091,fde,best_of
970,0.14244443567335957,fde,best_of
971,0.1885647638596193,fde,best_of
972,0.05549672051154983,fde,best_of
973,0.16465684730997665,fde,best_of
974,0.1519052077340336,fde,best_of
975,0.06245327212948447,fde,best_of
976,0.08740366860478174,fde,best_of
977,0.19989801470218038,fde,best_of
978,0.3411185869738421,fde,best_of
979,0.03276896793749543,fde,best_of
980,0.11362673807692876,fde,best_of
981,0.20597108305935213,fde,best_of
982,0.23355205981643753,fde,best_of
983,0.046416540272063614,fde,best_of
984,0.2857179845730724,fde,best_of
985,0.3467177857147233,fde,best_of
986,0.04335237225719125,fde,best_of
987,0.1546814511559547,fde,best_of
988,0.060366668243468445,fde,best_of
989,0.257393266507067,fde,best_of
990,0.14942307790898482,fde,best_of
991,0.19898095415589456,fde,best_of
992,0.29786806709879965,fde,best_of
993,0.07681828832178277,fde,best_of
994,0.28253527718591687,fde,best_of
995,0.22956859995931095,fde,best_of
996,0.14932356509340802,fde,best_of
997,0.13020234547049303,fde,best_of
998,0.0691784349485758,fde,best_of
999,0.27584146398088216,fde,best_of
1000,0.21328638933819122,fde,best_of
1001,0.13199678822975816,fde,best_of
1002,0.31529339249072647,fde,best_of
1003,0.05284246020363107,fde,best_of
1004,0.1447339442175227,fde,best_of
1005,0.14256484433137087,fde,best_of
1006,0.1926507209558456,fde,best_of
1007,0.04120125450235009,fde,best_of
1008,0.5237925848386011,fde,best_of
1009,0.1902877401492491,fde,best_of
1010,0.08615629246755341,fde,best_of
1011,0.08940922923005165,fde,best_of
1012,0.14795232343200412,fde,best_of
1013,0.185819087124577,fde,best_of
1014,0.163518525332696,fde,best_of
1015,0.18571716887189402,fde,best_of
1016,0.21578725448907488,fde,best_of
1017,0.1670266130362478,fde,best_of
1018,0.1828601981538756,fde,best_of
1019,0.0198556922420189,fde,best_of
1020,0.25939100124010106,fde,best_of
1021,0.2367284869654236,fde,best_of
1022,0.06588706503709346,fde,best_of
1023,0.3524349195760307,fde,best_of
1024,0.17353534582020458,fde,best_of
1025,0.17755942594490856,fde,best_of
1026,0.3658011837976635,fde,best_of
1027,0.13914152807347382,fde,best_of
1028,0.34082418001103637,fde,best_of
1029,0.32684462282364846,fde,best_of
1030,0.13228267902410587,fde,best_of
1031,0.16009640506317177,fde,best_of
1032,0.3687999555545661,fde,best_of
1033,0.03422702909159566,fde,best_of
1034,0.12903010918446833,fde,best_of
1035,0.3362072019114282,fde,best_of
1036,0.0861650808020476,fde,best_of
1037,0.10336812347202919,fde,best_of
1038,0.1951269102092205,fde,best_of
1039,0.11448023204081409,fde,best_of
1040,0.12168845915785692,fde,best_of
1041,0.31211312572962757,fde,best_of
1042,0.0637037508609608,fde,best_of
1043,0.154298105057784,fde,best_of
1044,0.33869502287295483,fde,best_of
1045,0.11232328620254986,fde,best_of
1046,0.2557615502007844,fde,best_of
1047,0.12982755285843045,fde,best_of
1048,0.08046802758634924,fde,best_of
1049,0.2385181063340979,fde,best_of
1050,0.06931912736619948,fde,best_of
1051,0.1346686776783264,fde,best_of
1052,0.1742268210366061,fde,best_of
1053,0.3202174152208739,fde,best_of
1054,0.14515554507497477,fde,best_of
1055,0.2917486605254368,fde,best_of
1056,0.3111450500240604,fde,best_of
1057,0.22762930779570092,fde,best_of
1058,0.11540890739005366,fde,best_of
1059,0.13746519768891047,fde,best_of
1060,0.22752072549636027,fde,best_of
1061,0.26937940046470316,fde,best_of
1062,0.2313446296064813,fde,best_of
1063,0.1407945975528659,fde,best_of
1064,0.12270872922859953,fde,best_of
1065,0.2651218858349676,fde,best_of
1066,0.2830167549908871,fde,best_of
1067,0.06994046555226607,fde,best_of
1068,0.18811135678410598,fde,best_of
1069,0.10574835175887472,fde,best_of
1070,0.19776312030887377,fde,best_of
1071,0.2183589295388013,fde,best_of
1072,0.06479624106640303,fde,best_of
1073,0.17032459039760048,fde,best_of
1074,0.08368675722763981,fde,best_of
1075,0.03328631041389376,fde,best_of
1076,0.3590528029742546,fde,best_of
1077,0.04916125902291888,fde,best_of
1078,0.07010146689308877,fde,best_of
1079,0.08071567565909325,fde,best_of
1080,0.058123283399647986,fde,best_of
1081,0.17247648754228806,fde,best_of
1082,0.14346911208974822,fde,best_of
1083,0.2405963598794491,fde,best_of
1084,0.08020557459799695,fde,best_of
1085,0.040064548287675875,fde,best_of
1086,0.3528102989386963,fde,best_of
1087,0.1652741882739503,fde,best_of
1088,0.2615504257175075,fde,best_of
1089,0.184073507469538,fde,best_of
1090,0.07599078953535895,fde,best_of
1091,0.06253090491090087,fde,best_of
1092,0.1951714627741566,fde,best_of
1093,0.2069660377331657,fde,best_of
1094,0.27043835062248817,fde,best_of
1095,0.14815678439280972,fde,best_of
1096,0.06544252088244977,fde,best_of
1097,0.12084613503022397,fde,best_of
1098,0.2695643120331615,fde,best_of
1099,0.19445839116112199,fde,best_of
1100,0.18240459159023303,fde,best_of
1101,0.23070704385845436,fde,best_of
1102,0.05590049898775364,fde,best_of
1103,0.19032398853306096,fde,best_of
1104,0.06538397795016862,fde,best_of
1105,0.07553932087469947,fde,best_of
1106,0.23446926825692463,fde,best_of
1107,0.23482024898151335,fde,best_of
1108,0.251750722769782,fde,best_of
1109,0.23177594217773903,fde,best_of
1110,0.23468338747042894,fde,best_of
1111,0.05852111998903058,fde,best_of
1112,0.2118767281782018,fde,best_of
1113,0.2988402265596997,fde,best_of
1114,0.1274449298166231,fde,best_of
1115,0.2941218451714521,fde,best_of
1116,0.23041875866848396,fde,best_of
1117,0.062419039308471376,fde,best_of
1118,0.10805433153074771,fde,best_of
1119,0.3361967471458993,fde,best_of
1120,0.1492386099069526,fde,best_of
1121,0.1351911978914696,fde,best_of
1122,0.21692982249610276,fde,best_of
1123,0.07946616905606796,fde,best_of
1124,0.22087550177006104,fde,best_of
1125,0.23305141662586953,fde,best_of
1126,0.2922265255743127,fde,best_of
1127,0.0895655957524211,fde,best_of
1128,0.20086896781705263,fde,best_of
1129,0.20270348258991872,fde,best_of
1130,0.06957344474346164,fde,best_of
1131,0.1299054231703084,fde,best_of
1132,0.04680870252769548,fde,best_of
1133,0.13008900198988207,fde,best_of
1134,0.03094133667149783,fde,best_of
1135,0.09410547175367354,fde,best_of
1136,0.032838396098323605,fde,best_of
1137,0.2702542389207087,fde,best_of
1138,0.03511913780179247,fde,best_of
1139,0.28555750648030326,fde,best_of
1140,0.02175521753302537,fde,best_of
1141,0.5812296596545493,fde,best_of
1142,0.05589254175698696,fde,best_of
1143,0.6524162389318002,fde,best_of
1144,0.034589701989799465,fde,best_of
1145,0.12940749535025428,fde,best_of
1146,0.05138614019920538,fde,best_of
1147,0.4929403368825761,fde,best_of
1148,0.04569574018698412,fde,best_of
1149,0.9174041706256959,fde,best_of
1150,0.04453120620407309,fde,best_of
1151,0.046166499977204865,fde,best_of
1152,0.03875508264694316,fde,best_of
1153,0.049645710374646636,fde,best_of
1154,0.04348846071043406,fde,best_of
1155,0.041982310260811916,fde,best_of
1156,0.043076267305471025,fde,best_of
1157,0.0420609090879433,fde,best_of
1158,0.04352844236201208,fde,best_of
1159,0.04285371202729234,fde,best_of
1160,0.04539336014292162,fde,best_of
1161,0.03349875571976518,fde,best_of
1162,0.03322047789861553,fde,best_of
1163,0.0339452139168909,fde,best_of
1164,0.03313682787488964,fde,best_of
1165,0.03390098763957519,fde,best_of
1166,0.03331974871579521,fde,best_of
1167,0.03365221528357645,fde,best_of
1168,0.033438365489597596,fde,best_of
1169,0.03431911588190187,fde,best_of
1170,0.03296329882756594,fde,best_of
1171,0.033881905580506806,fde,best_of
1172,0.03342423324460376,fde,best_of
1173,0.032057783527456384,fde,best_of
1174,0.03459469470101062,fde,best_of
1175,0.03283254841055061,fde,best_of
1176,0.03469181524372826,fde,best_of
1177,0.04001718083901013,fde,best_of
1178,0.03393835213392151,fde,best_of
1179,0.38848599908354475,fde,best_of
1180,0.03424047099058874,fde,best_of
1181,0.44549527081460666,fde,best_of
1182,0.03458547294754632,fde,best_of
1183,0.3056733422976107,fde,best_of
1184,0.03457924478351777,fde,best_of
1185,0.34684136676446914,fde,best_of
1186,0.03358248006539831,fde,best_of
1187,0.38385526866991043,fde,best_of
1188,0.03342404331959229,fde,best_of
1189,0.29396518515458075,fde,best_of
1190,0.03329505391437307,fde,best_of
1191,0.3294115699663149,fde,best_of
1192,0.03368296665868247,fde,best_of
1193,0.297635254941498,fde,best_of
1194,0.03321056838458323,fde,best_of
1195,0.38454249037782035,fde,best_of
1196,0.033638773969850135,fde,best_of
1197,0.444781455977353,fde,best_of
1198,0.03358288956168491,fde,best_of
1199,0.18342615893173933,fde,best_of
1200,0.034077835540517486,fde,best_of
1201,0.03419913777657594,fde,best_of
1202,0.03322845053335949,fde,best_of
1203,0.24729953257421738,fde,best_of
1204,0.03361966757293934,fde,best_of
1205,0.16807211888465795,fde,best_of
1206,0.033687039077849035,fde,best_of
1207,0.03322047379491274,fde,best_of
1208,0.3210195511106004,fde,best_of
1209,0.03394521240597069,fde,best_of
1210,0.36451867253568965,fde,best_of
1211,0.42636426444104325,fde,best_of
1212,0.03313682311945422,fde,best_of
1213,0.2178140538914049,fde,best_of
1214,0.8945264466767558,fde,best_of
1215,0.03390098599357401,fde,best_of
1216,0.680406944265516,fde,best_of
1217,0.7634766867020457,fde,best_of
1218,0.03331974496362937,fde,best_of
1219,0.40777196645920855,fde,best_of
1220,0.6589682808908925,fde,best_of
1221,0.05798706296477665,fde,best_of
1222,0.42084927313907966,fde,best_of
1223,0.7902520094362981,fde,best_of
1224,0.05352232717052951,fde,best_of
1225,0.41143815092060493,fde,best_of
1226,1.0125820523551652,fde,best_of
1227,0.02033021912036795,fde,best_of
1228,0.643742356189643,fde,best_of
1229,1.5242848256294288,fde,best_of
1230,0.04439990841182267,fde,best_of
1231,0.5804167243188337,fde,best_of
1232,0.3608489094044042,fde,best_of
1233,0.08691731137395059,fde,best_of
1234,0.11211439718682566,fde,best_of
1235,0.38156088295400653,fde,best_of
1236,0.886429064337871,fde,best_of
1237,0.12959815153028698,fde,best_of
1238,0.13448236543566433,fde,best_of
1239,0.5142011847580903,fde,best_of
1240,0.39108939234587653,fde,best_of
1241,0.1759136424136617,fde,best_of
1242,0.11943413345648955,fde,best_of
1243,0.3335519822647942,fde,best_of
1244,0.5823317012470816,fde,best_of
1245,0.21759884288075984,fde,best_of
1246,0.12038458554057656,fde,best_of
1247,0.15027353941883534,fde,best_of
1248,0.15738729907111373,fde,best_of
1249,0.26419985323316886,fde,best_of
1250,0.10526409836034023,fde,best_of
1251,0.09739963801009309,fde,best_of
1252,0.17345581137464605,fde,best_of
1253,0.3068330048251662,fde,best_of
1254,0.030435470853660513,fde,best_of
1255,0.16058791208160972,fde,best_of
1256,0.17384408934826295,fde,best_of
1257,0.15461492176027178,fde,best_of
1258,0.09031937352323663,fde,best_of
1259,0.10973793731670455,fde,best_of
1260,0.09647476356878534,fde,best_of
1261,0.06859176073202203,fde,best_of
1262,0.0233977379909606,fde,best_of
1263,0.12097856700587102,fde,best_of
1264,0.10786611908194749,fde,best_of
1265,0.04437213288180162,fde,best_of
1266,0.04582832852014231,fde,best_of
1267,0.13964782574910653,fde,best_of
1268,0.10321717747442434,fde,best_of
1269,0.07590143284857342,fde,best_of
1270,0.05060239063475394,fde,best_of
1271,0.040582416917533504,fde,best_of
1272,0.04842290755516414,fde,best_of
1273,0.36697433387740275,fde,best_of
1274,0.12783713476918196,fde,best_of
1275,0.03225121463566481,fde,best_of
1276,0.051287255175318826,fde,best_of
1277,0.1382229803005044,fde,best_of
1278,0.3753387420755687,fde,best_of
1279,0.059589081743634684,fde,best_of
1280,0.06331486737043993,fde,best_of
1281,0.014634496960386786,fde,best_of
1282,0.08391944638840884,fde,best_of
1283,0.2831393963664646,fde,best_of
1284,0.05125580655415187,fde,best_of
1285,0.026291015410058096,fde,best_of
1286,0.010943818814820053,fde,best_of
1287,0.24076370109916426,fde,best_of
1288,0.1690045753772925,fde,best_of
1289,0.11707523315117542,fde,best_of
1290,0.06922361840175258,fde,best_of
1291,0.01994420643855974,fde,best_of
1292,0.04514599617582202,fde,best_of
1293,0.3757118324043057,fde,best_of
1294,0.18789718753819448,fde,best_of
1295,0.0612937622201552,fde,best_of
1296,0.02196886432066494,fde,best_of
1297,0.1570407513505433,fde,best_of
1298,0.28618939729838927,fde,best_of
1299,0.24347076252304106,fde,best_of
1300,0.057206139320183716,fde,best_of
1301,0.02177803705833271,fde,best_of
1302,0.11071018349098143,fde,best_of
1303,0.4826017620608521,fde,best_of
1304,0.32670117712234475,fde,best_of
1305,0.053525682581524466,fde,best_of
1306,0.0216611166522362,fde,best_of
1307,0.11518746400344622,fde,best_of
1308,0.09231719033773299,fde,best_of
1309,0.07659264876190112,fde,best_of
1310,0.05881217153963865,fde,best_of
1311,0.02186591732980205,fde,best_of
1312,0.026184961965961314,fde,best_of
1313,0.05770457727768025,fde,best_of
1314,0.05911441329010814,fde,best_of
1315,0.02295476478686358,fde,best_of
1316,0.02721456556661874,fde,best_of
1317,0.11987255702239576,fde,best_of
1318,0.0555696782005841,fde,best_of
1319,0.021308041611979862,fde,best_of
1320,0.1375493799613649,fde,best_of
1321,0.0831078663545439,fde,best_of
1322,0.06036922145296946,fde,best_of
1323,0.02120216344505669,fde,best_of
1324,0.08186926032038054,fde,best_of
1325,0.08757676086296365,fde,best_of
1326,0.05718237021314822,fde,best_of
1327,0.021318747264705926,fde,best_of
1328,0.0923933379308344,fde,best_of
1329,0.08408936296493139,fde,best_of
1330,0.05703245530184363,fde,best_of
1331,0.02115233362290239,fde,best_of
1332,0.046536989056188666,fde,best_of
1333,0.09282435404125676,fde,best_of
1334,0.061031180743167816,fde,best_of
1335,0.02096013495618518,fde,best_of
1336,0.034382195193201556,fde,best_of
1337,0.09228634321691337,fde,best_of
1338,0.057671694680637875,fde,best_of
1339,0.020970260129756526,fde,best_of
1340,0.03758875850574128,fde,best_of
1341,0.09723733781988642,fde,best_of
1342,0.05839398967307421,fde,best_of
1343,0.02113878827184507,fde,best_of
1344,0.026910728095707055,fde,best_of
1345,0.22668850940650578,fde,best_of
1346,0.04662269586072657,fde,best_of
1347,0.05717547283053563,fde,best_of
1348,0.01982586243719432,fde,best_of
1349,0.02042402170301572,fde,best_of
1350,0.2240959495077557,fde,best_of
1351,0.22966844634593186,fde,best_of
1352,0.08445142825997307,fde,best_of
1353,0.05622598772184814,fde,best_of
1354,0.020901787064485547,fde,best_of
1355,0.023826701823580272,fde,best_of
1356,0.2465565561162314,fde,best_of
1357,0.24528104271839585,fde,best_of
1358,0.09541408498271464,fde,best_of
1359,0.05741090147069232,fde,best_of
1360,0.021709405582872772,fde,best_of
1361,0.024488743438054496,fde,best_of
1362,0.23424875810501652,fde,best_of
1363,0.18578555610959846,fde,best_of
1364,0.06066439098351767,fde,best_of
1365,0.05388194941075169,fde,best_of
1366,0.022506078562002905,fde,best_of
1367,0.021788234520969948,fde,best_of
1368,0.16713240051636194,fde,best_of
1369,0.20740099196512843,fde,best_of
1370,0.05299093719830374,fde,best_of
1371,0.05390302661846392,fde,best_of
1372,0.023198683905814758,fde,best_of
1373,0.02125257400510218,fde,best_of
1374,0.17593203661690462,fde,best_of
1375,0.13724683072475122,fde,best_of
1376,0.03662683917657667,fde,best_of
1377,0.05646184195566513,fde,best_of
1378,0.023434059560986698,fde,best_of
1379,0.01980835226888804,fde,best_of
1380,0.21826955484362648,fde,best_of
1381,0.17253017124928877,fde,best_of
1382,0.04503198887304203,fde,best_of
1383,0.05285736950866152,fde,best_of
1384,0.023883627534527982,fde,best_of
1385,0.01874357503662913,fde,best_of
1386,0.27035724768049807,fde,best_of
1387,0.22629566808602464,fde,best_of
1388,0.04692166486296504,fde,best_of
1389,0.053132741153726834,fde,best_of
1390,0.023746740804472283,fde,best_of
1391,0.01933317792918644,fde,best_of
1392,0.18432401783447963,fde,best_of
1393,0.24592630074545438,fde,best_of
1394,0.05461998878968404,fde,best_of
1395,0.05634361052291482,fde,best_of
1396,0.023890784873605513,fde,best_of
1397,0.018292115312743044,fde,best_of
1398,0.17447678820989937,fde,best_of
1399,0.18084219643627303,fde,best_of
1400,0.05388016817096116,fde,best_of
1401,0.056066397869057316,fde,best_of
1402,0.02175189813834918,fde,best_of
1403,0.017766468727514768,fde,best_of
1404,0.13323997500501397,fde,best_of
1405,0.18049761877965162,fde,best_of
1406,0.05594677772264859,fde,best_of
1407,0.05518664402902105,fde,best_of
1408,0.02137100754033841,fde,best_of
1409,0.02149994238570907,fde,best_of
1410,0.04622936145460569,fde,best_of
1411,0.04518233753960035,fde,best_of
1412,0.02130370050174749,fde,best_of
1413,0.021649093799074676,fde,best_of
1414,0.056222440778614165,fde,best_of
1415,0.038288591428935675,fde,best_of
1416,0.02148582021942887,fde,best_of
1417,0.021527488113584826,fde,best_of
1418,0.5094598333535463,fde,best_of
1419,0.05393725947301729,fde,best_of
1420,0.033670600627883164,fde,best_of
1421,0.02133386838450537,fde,best_of
1422,0.02177296057400174,fde,best_of
1423,0.4780431101984039,fde,best_of
1424,0.052951400145948284,fde,best_of
1425,0.023616057323167815,fde,best_of
1426,0.021410689499060664,fde,best_of
1427,0.021661234655875324,fde,best_of
1428,0.8651502818163279,fde,best_of
1429,0.05379719269167999,fde,best_of
1430,0.01631053900562524,fde,best_of
1431,0.021391601398391826,fde,best_of
1432,0.021497347354837517,fde,best_of
1433,0.8109976062765718,fde,best_of
1434,0.053253373448244115,fde,best_of
1435,0.013154821721082401,fde,best_of
1436,0.02416057451036323,fde,best_of
1437,0.027395579543035505,fde,best_of
1438,0.7008888624372287,fde,best_of
1439,0.05344285519589761,fde,best_of
1440,0.005306087079523669,fde,best_of
1441,0.023503680726152967,fde,best_of
1442,0.027892315415839527,fde,best_of
1443,0.7175420867414758,fde,best_of
1444,0.0537236284849765,fde,best_of
1445,0.009905627006467563,fde,best_of
1446,0.02284051674721088,fde,best_of
1447,0.02904438900014617,fde,best_of
1448,0.11138805867620556,fde,best_of
1449,0.05341834415241822,fde,best_of
1450,0.016866569116830467,fde,best_of
1451,0.023070433050593746,fde,best_of
1452,0.030073456364735584,fde,best_of
1453,0.10261923498451263,fde,best_of
1454,0.21085307453389437,fde,best_of
1455,0.04534601391292426,fde,best_of
1456,0.02192981011629098,fde,best_of
1457,0.02253266225491694,fde,best_of
1458,0.030906913336811906,fde,best_of
1459,0.2962933823953492,fde,best_of
1460,0.17021053911629608,fde,best_of
1461,0.05563235983022956,fde,best_of
1462,0.03967074537340496,fde,best_of
1463,0.022459925982440142,fde,best_of
1464,0.031177676634547773,fde,best_of
1465,0.18611080313078582,fde,best_of
1466,0.19666646589260525,fde,best_of
1467,0.3373676222716686,fde,best_of
1468,0.06718866110291195,fde,best_of
1469,0.03548034666726999,fde,best_of
1470,0.022695413272063,fde,best_of
1471,0.03189585088854079,fde,best_of
1472,0.10231214542721624,fde,best_of
1473,0.29296644551524625,fde,best_of
1474,0.12273672189715955,fde,best_of
1475,0.05211806368912349,fde,best_of
1476,0.037172842666510914,fde,best_of
1477,0.022892285854377015,fde,best_of
1478,0.03136378470013186,fde,best_of
1479,0.19172695273624926,fde,best_of
1480,0.26701698898484777,fde,best_of
1481,0.14582856728952065,fde,best_of
1482,0.05959735490294307,fde,best_of
1483,0.03516488235560407,fde,best_of
1484,0.02821167601862281,fde,best_of
1485,0.03014554711289122,fde,best_of
1486,0.35819000269557566,fde,best_of
1487,0.29526643262516084,fde,best_of
1488,0.03683550098415737,fde,best_of
1489,0.25275340267598584,fde,best_of
1490,0.07426967686368585,fde,best_of
1491,0.030775157694515016,fde,best_of
1492,0.037209386919907855,fde,best_of
1493,0.03495208057572623,fde,best_of
1494,0.3710348427115542,fde,best_of
1495,0.3032623682385825,fde,best_of
1496,0.15698809434498867,fde,best_of
1497,0.4488343112250312,fde,best_of
1498,0.19230151295154832,fde,best_of
1499,0.0988770436497471,fde,best_of
1500,0.03740488291802938,fde,best_of
1501,0.029383874141007026,fde,best_of
1502,0.031630564850478986,fde,best_of
1503,0.36649889372884736,fde,best_of
1504,0.21334604005335833,fde,best_of
1505,0.11599080802880603,fde,best_of
1506,0.4365959042542036,fde,best_of
1507,0.06098203317936938,fde,best_of
1508,0.12038983400239113,fde,best_of
1509,0.1290297964754282,fde,best_of
1510,0.03633632652234091,fde,best_of
1511,0.026366280160832204,fde,best_of
1512,0.030209253546822728,fde,best_of
1513,0.2780033945663294,fde,best_of
1514,0.24556089176441687,fde,best_of
1515,0.24793501874249468,fde,best_of
1516,0.5011583389252356,fde,best_of
1517,0.1289194985640058,fde,best_of
1518,0.27073495386112545,fde,best_of
1519,0.16122445635108004,fde,best_of
1520,0.03717542357225831,fde,best_of
1521,0.028935717982540802,fde,best_of
1522,0.027602117812928026,fde,best_of
1523,0.12013514194062298,fde,best_of
1524,0.5437873431620379,fde,best_of
1525,0.1890505123945268,fde,best_of
1526,0.5343370340985345,fde,best_of
1527,0.2313765055940313,fde,best_of
1528,0.49594274042100933,fde,best_of
1529,0.19556790078362501,fde,best_of
1530,0.03805312400546867,fde,best_of
1531,0.030016461345816682,fde,best_of
1532,0.03306823972142249,fde,best_of
1533,0.46271168843490734,fde,best_of
1534,0.7567452900471425,fde,best_of
1535,0.42670386131979005,fde,best_of
1536,0.7185963588606198,fde,best_of
1537,0.2848852975753763,fde,best_of
1538,0.6424609746711187,fde,best_of
1539,0.06702790672617776,fde,best_of
1540,0.03841297460298021,fde,best_of
1541,0.03016163998102162,fde,best_of
1542,0.03248549735340344,fde,best_of
1543,0.4396203796368698,fde,best_of
1544,0.3786097117296337,fde,best_of
1545,0.12200430326406109,fde,best_of
1546,0.450334745201219,fde,best_of
1547,0.03142901386347951,fde,best_of
1548,0.6762047288573003,fde,best_of
1549,0.07674622934656398,fde,best_of
1550,0.03897624096327671,fde,best_of
1551,0.029566267586239352,fde,best_of
1552,0.03162853820960748,fde,best_of
1553,0.15570890637534288,fde,best_of
1554,0.30331180761209703,fde,best_of
1555,0.3137593929432942,fde,best_of
1556,0.222172287098734,fde,best_of
1557,0.4520112575200745,fde,best_of
1558,0.6418775376614216,fde,best_of
1559,0.03245244621927374,fde,best_of
1560,0.03606844631499399,fde,best_of
1561,0.028415597839951172,fde,best_of
1562,0.031922270310265774,fde,best_of
1563,0.20593063446137708,fde,best_of
1564,0.5172403760804292,fde,best_of
1565,0.5644175187223883,fde,best_of
1566,0.38651768151471194,fde,best_of
1567,0.22262679597694493,fde,best_of
1568,0.3015467284689641,fde,best_of
1569,0.004838735138957695,fde,best_of
1570,0.04034695700259686,fde,best_of
1571,0.02790161428261285,fde,best_of
1572,0.03137262053607529,fde,best_of
1573,0.40648980294769466,fde,best_of
1574,0.37576423762583233,fde,best_of
1575,0.7362373987181156,fde,best_of
1576,0.6305487341465784,fde,best_of
1577,0.11215495719853533,fde,best_of
1578,0.11462792670695145,fde,best_of
1579,0.08511464856705102,fde,best_of
1580,0.04227076697224413,fde,best_of
1581,0.025847382874378027,fde,best_of
1582,0.03096589603847345,fde,best_of
1583,0.4831062193798139,fde,best_of
1584,0.6038536171161166,fde,best_of
1585,0.2094755880137197,fde,best_of
1586,0.32374017695994556,fde,best_of
1587,0.10261851651978778,fde,best_of
1588,0.09834860162894164,fde,best_of
1589,0.04493029590525218,fde,best_of
1590,0.026717255580059385,fde,best_of
1591,0.03389202015585031,fde,best_of
1592,0.14618520454143027,fde,best_of
1593,0.23843683998125678,fde,best_of
1594,0.2754791319566614,fde,best_of
1595,0.27485831064377814,fde,best_of
1596,0.050769628869958394,fde,best_of
1597,0.10793790949602801,fde,best_of
1598,0.04566849462770636,fde,best_of
1599,0.03247629163965125,fde,best_of
1600,0.043412779834230746,fde,best_of
1601,0.22702903750405218,fde,best_of
1602,0.292982937322373,fde,best_of
1603,0.47662233927417086,fde,best_of
1604,0.061139091255233466,fde,best_of
1605,0.041255669973400695,fde,best_of
1606,0.03578003153871349,fde,best_of
1607,0.047924814963785846,fde,best_of
1608,0.18859647470657526,fde,best_of
1609,0.08234564268791673,fde,best_of
1610,0.3150706322207631,fde,best_of
1611,0.06700108700373097,fde,best_of
1612,0.04378603515479324,fde,best_of
1613,0.027496548211318184,fde,best_of
1614,0.04590544246643494,fde,best_of
1615,0.3955011659059226,fde,best_of
1616,0.5000782878560851,fde,best_of
1617,0.3291026253515042,fde,best_of
1618,0.03833864041954069,fde,best_of
1619,0.04065412355508079,fde,best_of
1620,0.02365614846611481,fde,best_of
1621,0.043298705268696634,fde,best_of
1622,0.3492509274320709,fde,best_of
1623,0.3440402603969732,fde,best_of
1624,0.26072575363972184,fde,best_of
1625,0.07133275171969268,fde,best_of
1626,0.033267762220798636,fde,best_of
1627,0.021331743716409415,fde,best_of
1628,0.028357735288336718,fde,best_of
1629,0.2496131204357119,fde,best_of
1630,0.41941405549973176,fde,best_of
1631,0.21641312508387528,fde,best_of
1632,0.09686169807016146,fde,best_of
1633,0.03342631053771748,fde,best_of
1634,0.021372038573735902,fde,best_of
1635,0.021479582841598444,fde,best_of
1636,0.37112604643891367,fde,best_of
1637,0.08324830807013076,fde,best_of
1638,0.4457240345687718,fde,best_of
1639,0.076800432080295,fde,best_of
1640,0.0244940630112919,fde,best_of
1641,0.021346415172780176,fde,best_of
1642,0.021441675910234197,fde,best_of
1643,0.4854404717804999,fde,best_of
1644,0.168837312255919,fde,best_of
1645,0.3220665442744614,fde,best_of
1646,0.12381076912114655,fde,best_of
1647,0.025343600240814713,fde,best_of
1648,0.021494885796257635,fde,best_of
1649,0.021791413226757497,fde,best_of
1650,0.25596460591972403,fde,best_of
1651,0.21794676658519524,fde,best_of
1652,0.21077994720842497,fde,best_of
1653,0.19734438133264523,fde,best_of
1654,0.024854995017797196,fde,best_of
1655,0.021448564497043847,fde,best_of
1656,0.02163113708829242,fde,best_of
1657,0.24573026083161653,fde,best_of
1658,0.14560010606258228,fde,best_of
1659,0.2907954499772274,fde,best_of
1660,0.17475201351295808,fde,best_of
1661,0.025147161292223098,fde,best_of
1662,0.021025667069091977,fde,best_of
1663,0.021423002792023107,fde,best_of
1664,0.20174722722845784,fde,best_of
1665,0.14836462433083972,fde,best_of
1666,0.39461500357946455,fde,best_of
1667,0.13266769132061307,fde,best_of
1668,0.025041328797825328,fde,best_of
1669,0.0212692223524345,fde,best_of
1670,0.021526335296091686,fde,best_of
1671,0.20281812189898185,fde,best_of
1672,0.2301705875072413,fde,best_of
1673,0.15418260298311068,fde,best_of
1674,0.10073729282165063,fde,best_of
1675,0.024572095716454283,fde,best_of
1676,0.021300992785753845,fde,best_of
1677,0.021382231068408145,fde,best_of
1678,0.22038152430384583,fde,best_of
1679,0.26283365285603194,fde,best_of
1680,0.09178220078806511,fde,best_of
1681,0.10180199125721742,fde,best_of
1682,0.025326078794867073,fde,best_of
1683,0.021353173736670724,fde,best_of
1684,0.02150774721959014,fde,best_of
1685,0.12816693523717992,fde,best_of
1686,0.3663820456418993,fde,best_of
1687,0.3900274322095851,fde,best_of
1688,0.01544400021607774,fde,best_of
1689,0.024958148197796747,fde,best_of
1690,0.0213261502851121,fde,best_of
1691,0.02138671031711219,fde,best_of
1692,0.05723509550368063,fde,best_of
1693,0.3944078642747348,fde,best_of
1694,0.4679530318936359,fde,best_of
1695,0.1252197170900728,fde,best_of
1696,0.025180046379884864,fde,best_of
1697,0.021471110153828923,fde,best_of
1698,0.02172507906999171,fde,best_of
1699,0.1798041409718653,fde,best_of
1700,0.3769620098407946,fde,best_of
1701,0.5563890597388781,fde,best_of
1702,0.10533218257477119,fde,best_of
1703,0.024989898593890985,fde,best_of
1704,0.02142495815426821,fde,best_of
1705,0.02156314599423101,fde,best_of
1706,0.1799964959056483,fde,best_of
1707,0.29760967444108055,fde,best_of
1708,0.7146272729089462,fde,best_of
1709,0.03349735857719845,fde,best_of
1710,0.02461877917875882,fde,best_of
1711,0.02100685399269982,fde,best_of
1712,0.021424753855212426,fde,best_of
1713,0.10774921535119934,fde,best_of
1714,0.5269706223352061,fde,best_of
1715,0.5600915167779859,fde,best_of
1716,0.06231189642818944,fde,best_of
1717,0.025393883259495265,fde,best_of
1718,0.021250173035260566,fde,best_of
1719,0.021478781992159787,fde,best_of
1720,0.11660563742672811,fde,best_of
1721,0.6292916439377553,fde,best_of
1722,0.36264697110849514,fde,best_of
1723,0.59774479001387,fde,best_of
1724,0.427990792111429,fde,best_of
1725,0.0033101153410293,fde,best_of
1726,0.024778347097441242,fde,best_of
1727,0.021279586711206725,fde,best_of
1728,0.02152312439492261,fde,best_of
1729,0.14480496944347745,fde,best_of
1730,0.46149829035589884,fde,best_of
1731,0.1383691432618079,fde,best_of
1732,0.39019077315181333,fde,best_of
1733,0.5201034583513687,fde,best_of
1734,0.00514304459251792,fde,best_of
1735,0.025103210109445166,fde,best_of
1736,0.03129101651786269,fde,best_of
1737,0.021537669348805,fde,best_of
1738,0.23967400340221243,fde,best_of
1739,0.2839255350707402,fde,best_of
1740,0.4611109188372004,fde,best_of
1741,0.22775466738714395,fde,best_of
1742,0.4682728330474024,fde,best_of
1743,0.02189490845386082,fde,best_of
1744,0.0376054738094777,fde,best_of
1745,0.029893801093308702,fde,best_of
1746,0.036158361545626495,fde,best_of
1747,0.2039163098005635,fde,best_of
1748,0.3630774416424146,fde,best_of
1749,0.18870945300061456,fde,best_of
1750,0.2979833104644382,fde,best_of
1751,0.3244960084099764,fde,best_of
1752,0.06605262587029126,fde,best_of
1753,0.03066731767462683,fde,best_of
1754,0.029768076492031274,fde,best_of
1755,0.02691158263358931,fde,best_of
1756,0.29030409166037785,fde,best_of
1757,0.09094857351216293,fde,best_of
1758,0.2752908693664168,fde,best_of
1759,0.23051409319362043,fde,best_of
1760,0.8266540621640974,fde,best_of
1761,0.35757573329329506,fde,best_of
1762,0.5803885564834358,fde,best_of
1763,0.04884696874509812,fde,best_of
1764,0.03163667867673962,fde,best_of
1765,0.01988658017257817,fde,best_of
1766,0.025943332596720495,fde,best_of
1767,0.27529639766767405,fde,best_of
1768,0.022415815142887915,fde,best_of
1769,0.22747663285085146,fde,best_of
1770,0.23065402287129466,fde,best_of
1771,0.14792756228342985,fde,best_of
1772,0.25019774471869455,fde,best_of
1773,0.9325441792850703,fde,best_of
1774,0.014096706393830656,fde,best_of
1775,0.033075718285200055,fde,best_of
1776,0.020752922183999566,fde,best_of
1777,0.025230830674588065,fde,best_of
1778,0.19364583892108528,fde,best_of
1779,0.3616626256534339,fde,best_of
1780,0.27467937535755793,fde,best_of
1781,0.07391710075500771,fde,best_of
1782,0.7232562915139386,fde,best_of
1783,0.37688282537308393,fde,best_of
1784,0.8434192350085341,fde,best_of
1785,0.009195523695842096,fde,best_of
1786,0.0334763983780087,fde,best_of
1787,0.024176571947474766,fde,best_of
1788,0.02500002236930518,fde,best_of
1789,0.20113511377012244,fde,best_of
1790,0.025389443020614848,fde,best_of
1791,0.18115696800256584,fde,best_of
1792,0.37092150356743964,fde,best_of
1793,0.46317750124748225,fde,best_of
1794,0.5686195563919234,fde,best_of
1795,0.4481448705133219,fde,best_of
1796,0.01252048925500413,fde,best_of
1797,0.035231852854152534,fde,best_of
1798,0.023671159073967152,fde,best_of
1799,0.0323492636510969,fde,best_of
1800,0.05665068019287784,fde,best_of
1801,0.11609911140773659,fde,best_of
1802,0.48396244181641596,fde,best_of
1803,0.49969472107238844,fde,best_of
1804,0.6783696416012945,fde,best_of
1805,0.4643202193731751,fde,best_of
1806,0.5213338866822487,fde,best_of
1807,0.015240216728488664,fde,best_of
1808,0.0390988340174676,fde,best_of
1809,0.028658710196447782,fde,best_of
1810,0.03686585107384607,fde,best_of
1811,0.19957907453759852,fde,best_of
1812,0.09079559476322548,fde,best_of
1813,0.28954383276736867,fde,best_of
1814,0.2525847584059333,fde,best_of
1815,0.12253598890428193,fde,best_of
1816,0.36941266582988064,fde,best_of
1817,0.4389695387243146,fde,best_of
1818,0.012573675148793614,fde,best_of
1819,0.040416720803548106,fde,best_of
1820,0.01868981032953995,fde,best_of
1821,0.03345631511495558,fde,best_of
1822,0.16125872222283816,fde,best_of
1823,0.02560499049818715,fde,best_of
1824,0.2186248137706666,fde,best_of
1825,0.11679008611581912,fde,best_of
1826,0.2764318033400768,fde,best_of
1827,0.5355316660267276,fde,best_of
1828,0.9760195579782768,fde,best_of
1829,0.6511915552370717,fde,best_of
1830,0.04335100898073495,fde,best_of
1831,0.038152596052721706,fde,best_of
1832,0.017311020824641594,fde,best_of
1833,0.039827784647097554,fde,best_of
1834,0.12134916057048067,fde,best_of
1835,0.027112251527288193,fde,best_of
1836,0.13571284670851075,fde,best_of
1837,0.2685540536028446,fde,best_of
1838,0.45126794909881274,fde,best_of
1839,0.41574060932556944,fde,best_of
1840,1.2429862345670193,fde,best_of
1841,0.53919936053725,fde,best_of
1842,0.23498716574566683,fde,best_of
1843,0.035921981630126006,fde,best_of
1844,0.03923179970134092,fde,best_of
1845,0.0195937312514885,fde,best_of
1846,0.03361865757804679,fde,best_of
1847,0.09396057826988606,fde,best_of
1848,0.1016504956333841,fde,best_of
1849,0.06965269479985543,fde,best_of
1850,0.4816699200501365,fde,best_of
1851,0.4046772058661778,fde,best_of
1852,0.3056280130176887,fde,best_of
1853,0.49114585079008766,fde,best_of
1854,0.5502401977043403,fde,best_of
1855,0.43233435114375784,fde,best_of
1856,0.0242762137003216,fde,best_of
1857,0.0342451312876593,fde,best_of
1858,0.02374307481886154,fde,best_of
1859,0.026977949178398318,fde,best_of
1860,0.04395863777921573,fde,best_of
1861,0.023108695784055177,fde,best_of
1862,0.2832477150787664,fde,best_of
1863,0.2754769526503216,fde,best_of
1864,0.2460488185345454,fde,best_of
1865,0.3390418785111238,fde,best_of
1866,0.07675386191746456,fde,best_of
1867,0.3558505550249392,fde,best_of
1868,0.26490073778593043,fde,best_of
1869,0.01820654699262365,fde,best_of
1870,0.03429263036729768,fde,best_of
1871,0.025832948953928937,fde,best_of
1872,0.01679452083375035,fde,best_of
1873,0.022162740067790163,fde,best_of
1874,0.049578181921149045,fde,best_of
1875,0.2913996111222005,fde,best_of
1876,0.35415468229431596,fde,best_of
1877,0.3909398292682877,fde,best_of
1878,0.0641013547301698,fde,best_of
1879,0.43268074438419124,fde,best_of
1880,0.2698609143087691,fde,best_of
1881,0.3935551180187431,fde,best_of
1882,0.01981541414381261,fde,best_of
1883,0.03759322304206106,fde,best_of
1884,0.01600750183333717,fde,best_of
1885,0.02391461291010046,fde,best_of
1886,0.019080661987252688,fde,best_of
1887,0.06202726160278755,fde,best_of
1888,0.2180189480647652,fde,best_of
1889,0.14848311468055053,fde,best_of
1890,0.6438021789246778,fde,best_of
1891,0.08012119492144679,fde,best_of
1892,0.3834537994291416,fde,best_of
1893,0.22477208275825777,fde,best_of
1894,0.2563809674769124,fde,best_of
1895,0.02373216644861536,fde,best_of
1896,0.03536154699806027,fde,best_of
1897,0.010467597198464169,fde,best_of
1898,0.030152452823951997,fde,best_of
1899,0.041045818508783964,fde,best_of
1900,0.030544094153437118,fde,best_of
1901,0.14208002507799083,fde,best_of
1902,0.2538519946753425,fde,best_of
1903,0.17075229172845185,fde,best_of
1904,0.29973745329319657,fde,best_of
1905,0.37160135366267466,fde,best_of
1906,0.23773265435779273,fde,best_of
1907,0.12727246018341448,fde,best_of
1908,0.04482116460331213,fde,best_of
1909,0.028905772699168726,fde,best_of
1910,0.010828132961778661,fde,best_of
1911,0.03737642374334961,fde,best_of
1912,0.05278822942556916,fde,best_of
1913,0.03556743580685332,fde,best_of
1914,0.08778264061550806,fde,best_of
1915,0.15477682371635118,fde,best_of
1916,0.15990787100409742,fde,best_of
1917,0.5221787418089172,fde,best_of
1918,0.23707067963135156,fde,best_of
1919,0.3272923211238462,fde,best_of
1920,0.056112239124921345,fde,best_of
1921,0.04335082658818009,fde,best_of
1922,0.02587657874012797,fde,best_of
1923,0.01599422206014158,fde,best_of
1924,0.04366666907528281,fde,best_of
1925,0.05053704347979304,fde,best_of
1926,0.06308991251148914,fde,best_of
1927,0.014476865790306607,fde,best_of
1928,0.1877602325989486,fde,best_of
1929,0.1656274130110399,fde,best_of
1930,0.2897245432882477,fde,best_of
1931,0.4629463235712449,fde,best_of
1932,0.62710985277995,fde,best_of
1933,0.27809634294987173,fde,best_of
1934,0.04377101271730113,fde,best_of
1935,0.027612446202928125,fde,best_of
1936,0.022330069806931942,fde,best_of
1937,0.03981376060070304,fde,best_of
1938,0.055947333302140384,fde,best_of
1939,0.06375144617175624,fde,best_of
1940,0.10039875561105069,fde,best_of
1941,0.19068727973268448,fde,best_of
1942,0.35613020974982884,fde,best_of
1943,0.27750413386828304,fde,best_of
1944,0.312668980199707,fde,best_of
1945,0.2842779149926033,fde,best_of
1946,0.3329533320185339,fde,best_of
1947,0.1145362031807098,fde,best_of
1948,0.028750017904698857,fde,best_of
1949,0.025757386035139215,fde,best_of
1950,0.0438358428637441,fde,best_of
1951,0.04490069119529727,fde,best_of
1952,0.06316622981237771,fde,best_of
1953,0.07104762141697846,fde,best_of
1954,0.1937657522601941,fde,best_of
1955,0.08957070173057786,fde,best_of
1956,0.22139245247598777,fde,best_of
1957,0.3737807691863469,fde,best_of
1958,0.6897667190377254,fde,best_of
1959,0.15825493637751215,fde,best_of
1960,0.22286988292544577,fde,best_of
1961,0.02969752775641308,fde,best_of
1962,0.027050157321586988,fde,best_of
1963,0.037790476311107005,fde,best_of
1964,0.060709021040383164,fde,best_of
1965,0.06119534429373331,fde,best_of
1966,0.05767230376581199,fde,best_of
1967,0.2706142187212167,fde,best_of
1968,0.08124874115895907,fde,best_of
1969,0.3254937374376207,fde,best_of
1970,0.39690823386456237,fde,best_of
1971,0.5963633275990019,fde,best_of
1972,0.36444567273570494,fde,best_of
1973,0.03559050595307916,fde,best_of
1974,0.026871679070833574,fde,best_of
1975,0.040326354720091565,fde,best_of
1976,0.05040253832902535,fde,best_of
1977,0.06197086693657595,fde,best_of
1978,0.04828532025789227,fde,best_of
1979,0.013166466746939703,fde,best_of
1980,0.3618704787903069,fde,best_of
1981,0.11352390891800264,fde,best_of
1982,0.4633463937560112,fde,best_of
1983,0.044127170047654075,fde,best_of
1984,0.02400466059034498,fde,best_of
1985,0.04353213279999628,fde,best_of
1986,0.06256755506908408,fde,best_of
1987,0.06784199781072414,fde,best_of
1988,0.04177749970412356,fde,best_of
1989,0.14592693706757343,fde,best_of
1990,0.20176512685020662,fde,best_of
1991,0.6391993267990501,fde,best_of
1992,0.0349404096907432,fde,best_of
1993,0.02070588948178189,fde,best_of
1994,0.03951860765318111,fde,best_of
1995,0.06451481781371006,fde,best_of
1996,0.06990884097867166,fde,best_of
1997,0.0378426402922393,fde,best_of
1998,0.18401585906112553,fde,best_of
1999,0.30136777848603746,fde,best_of
2000,0.3009902270952721,fde,best_of
2001,0.026073465919898356,fde,best_of
2002,0.020369018303170908,fde,best_of
2003,0.04382936457610405,fde,best_of
2004,0.06343885897083237,fde,best_of
2005,0.0748031431422868,fde,best_of
2006,0.06313347647740847,fde,best_of
2007,0.35416178461487474,fde,best_of
2008,0.02610024993637179,fde,best_of
2009,0.020050246812542246,fde,best_of
2010,0.04012094893763959,fde,best_of
2011,0.06338036425997767,fde,best_of
2012,0.07848997575388238,fde,best_of
2013,0.05981137365648135,fde,best_of
2014,0.7302466995319205,fde,best_of
2015,0.025364555347529762,fde,best_of
2016,0.02021615819225825,fde,best_of
2017,0.04127022252019813,fde,best_of
2018,0.05728174453087027,fde,best_of
2019,0.0810210962234072,fde,best_of
2020,0.11284344064422985,fde,best_of
2021,1.1726733627377546,fde,best_of
2022,0.026263066611878463,fde,best_of
2023,0.020251772437549477,fde,best_of
2024,0.04113320513216302,fde,best_of
2025,0.06710714286075453,fde,best_of
2026,0.08547252428147144,fde,best_of
2027,0.10342226773351684,fde,best_of
2028,1.6163689347653083,fde,best_of
2029,0.025490268756157567,fde,best_of
2030,0.020410624618799476,fde,best_of
2031,0.041036246103131085,fde,best_of
2032,0.06249851753788182,fde,best_of
2033,0.09139216893865516,fde,best_of
2034,0.25639129622258133,fde,best_of
2035,0.025786738533858832,fde,best_of
2036,0.02039534722286288,fde,best_of
2037,0.04149753083555707,fde,best_of
2038,0.06464808124850727,fde,best_of
2039,0.09900410139626863,fde,best_of
2040,0.10959721274461932,fde,best_of
2041,0.025859736951386776,fde,best_of
2042,0.020338845840437898,fde,best_of
2043,0.0400353259576492,fde,best_of
2044,0.07563556051016769,fde,best_of
2045,0.10554040515073174,fde,best_of
2046,0.32329533894742596,fde,best_of
2047,0.02505829996871246,fde,best_of
2048,0.02019464432558856,fde,best_of
2049,0.04071176305508848,fde,best_of
2050,0.0744895408218997,fde,best_of
2051,0.11044702488154932,fde,best_of
2052,0.5994955779072765,fde,best_of
2053,0.02610488208361477,fde,best_of
2054,0.019964913482068154,fde,best_of
2055,0.04185634377842698,fde,best_of
2056,0.07358927406917515,fde,best_of
2057,0.0709587616061712,fde,best_of
2058,0.5192068394070147,fde,best_of
2059,0.025412438963165442,fde,best_of
2060,0.020177678076835345,fde,best_of
2061,0.04066361890650262,fde,best_of
2062,0.07587213477718446,fde,best_of
2063,0.05517045731126673,fde,best_of
2064,0.7665214013560357,fde,best_of
2065,0.025596141699284817,fde,best_of
2066,0.020261905424455405,fde,best_of
2067,0.041679354566447245,fde,best_of
2068,0.06858087241736363,fde,best_of
2069,0.06964965223147158,fde,best_of
2070,0.874601682748771,fde,best_of
2071,0.02551528764409828,fde,best_of
2072,0.020272260692441663,fde,best_of
2073,0.042309854405090844,fde,best_of
2074,0.06810034426879578,fde,best_of
2075,0.050712855119506274,fde,best_of
2076,0.9242661917800631,fde,best_of
2077,0.024434173542461735,fde,best_of
2078,0.0197048297106118,fde,best_of
2079,0.04110217428138519,fde,best_of
2080,0.06803662388680544,fde,best_of
2081,0.06918512611770944,fde,best_of
2082,0.7521697114065862,fde,best_of
2083,0.02461294191762749,fde,best_of
2084,0.019453201756160218,fde,best_of
2085,0.042707554773924954,fde,best_of
2086,0.06767935355065957,fde,best_of
2087,0.060504686423792815,fde,best_of
2088,0.8184009297939975,fde,best_of
2089,0.02349291991654375,fde,best_of
2090,0.02002944425711066,fde,best_of
2091,0.04237067310040997,fde,best_of
2092,0.06570114123394628,fde,best_of
2093,0.06149380092411935,fde,best_of
2094,1.446674505890876,fde,best_of
2095,0.9363075556246715,fde,best_of
2096,0.02320280143675323,fde,best_of
2097,0.02072148496139357,fde,best_of
2098,0.040924686013387564,fde,best_of
2099,0.06379470032591057,fde,best_of
2100,0.06530065382401537,fde,best_of
2101,1.5443738147417374,fde,best_of
2102,0.7210350725702976,fde,best_of
2103,0.023800273359427065,fde,best_of
2104,0.021120141105579086,fde,best_of
2105,0.0423976965737648,fde,best_of
2106,0.06454849305051256,fde,best_of
2107,0.052808536725804316,fde,best_of
2108,0.3522260242051599,fde,best_of
2109,1.0165824069581635,fde,best_of
2110,0.023728498119902464,fde,best_of
2111,0.020574412117487208,fde,best_of
2112,0.04238553409970435,fde,best_of
2113,0.06373739200958313,fde,best_of
2114,0.052652200544839566,fde,best_of
2115,0.12692938872349765,fde,best_of
2116,0.45203060392923794,fde,best_of
2117,0.025469735767737162,fde,best_of
2118,0.019810012436634612,fde,best_of
2119,0.042482309399622296,fde,best_of
2120,0.042556265739111775,fde,best_of
2121,0.040033352853993225,fde,best_of
2122,0.17308577088305005,fde,best_of
2123,0.7379439109611772,fde,best_of
2124,0.027290512260907628,fde,best_of
2125,0.01883450066996678,fde,best_of
2126,0.042152182864784546,fde,best_of
2127,0.04188053214577843,fde,best_of
2128,0.04895363925725662,fde,best_of
2129,0.4079816136492979,fde,best_of
2130,0.8187156361287995,fde,best_of
2131,0.028990875447968936,fde,best_of
2132,0.021361095654604645,fde,best_of
2133,0.04205492390003011,fde,best_of
2134,0.047566852577294635,fde,best_of
2135,0.07711276667873504,fde,best_of
2136,0.1711502330792565,fde,best_of
2137,0.26167011409210533,fde,best_of
2138,0.02934791819031222,fde,best_of
2139,0.02120959505366576,fde,best_of
2140,0.04289574428237844,fde,best_of
2141,0.059737668134472864,fde,best_of
2142,0.10950052031806494,fde,best_of
2143,0.27443924442483925,fde,best_of
2144,0.41790505849667337,fde,best_of
2145,0.024518125000743886,fde,best_of
2146,0.023566663549834478,fde,best_of
2147,0.04073788009034045,fde,best_of
2148,0.05973198677201524,fde,best_of
2149,0.12828006901255165,fde,best_of
2150,0.3925120178250343,fde,best_of
2151,0.2834733745323438,fde,best_of
2152,0.012258793919265997,fde,best_of
2153,0.03082855011160683,fde,best_of
2154,0.03590240207564915,fde,best_of
2155,0.07715307679264977,fde,best_of
2156,0.1237392547594788,fde,best_of
2157,0.2777235695531099,fde,best_of
2158,0.5306151340708208,fde,best_of
2159,0.032193902309919836,fde,best_of
2160,0.026883619482478104,fde,best_of
2161,0.042947908478927294,fde,best_of
2162,0.30696214683456224,fde,best_of
2163,0.10351322477506959,fde,best_of
2164,0.23278786950686706,fde,best_of
2165,0.4818300684354554,fde,best_of
2166,0.03166581849051381,fde,best_of
2167,0.02777250210766115,fde,best_of
2168,0.04202149403441609,fde,best_of
2169,0.5657845413875792,fde,best_of
2170,0.08332409261719988,fde,best_of
2171,0.5827363682977225,fde,best_of
2172,0.3982739570227896,fde,best_of
2173,0.887744566202456,fde,best_of
2174,0.14534893135895405,fde,best_of
2175,0.0241539201314797,fde,best_of
2176,0.028118758740973932,fde,best_of
2177,0.04246392648339855,fde,best_of
2178,0.4299301110473731,fde,best_of
2179,0.03896200055621954,fde,best_of
2180,0.5420941481432487,fde,best_of
2181,0.4747230416207082,fde,best_of
2182,0.05179202321286235,fde,best_of
2183,0.10133601228161562,fde,best_of
2184,0.02294641679024353,fde,best_of
2185,0.02865667064090645,fde,best_of
2186,0.042633775244115955,fde,best_of
2187,0.48897404982978354,fde,best_of
2188,0.24752238448735564,fde,best_of
2189,0.5362555022268791,fde,best_of
2190,0.588298423224604,fde,best_of
2191,0.1710617714342851,fde,best_of
2192,0.0637209261160572,fde,best_of
2193,0.01903689706261727,fde,best_of
2194,0.026032135362971966,fde,best_of
2195,0.04065605293255848,fde,best_of
2196,0.753758152696289,fde,best_of
2197,0.14645250989930642,fde,best_of
2198,0.6346921747573154,fde,best_of
2199,0.3519910459540789,fde,best_of
2200,0.01893390444702441,fde,best_of
2201,0.05349008672585294,fde,best_of
2202,0.01813832855150398,fde,best_of
2203,0.02402710573518889,fde,best_of
2204,0.042324565638992805,fde,best_of
2205,1.1382254473947644,fde,best_of
2206,0.2305706554208629,fde,best_of
2207,0.09431564973022917,fde,best_of
2208,0.23585312418468576,fde,best_of
2209,0.04793187958245453,fde,best_of
2210,0.17428925993719532,fde,best_of
2211,0.016863958073358037,fde,best_of
2212,0.02367430900318642,fde,best_of
2213,0.0418896364499557,fde,best_of
2214,1.529490299449676,fde,best_of
2215,0.06829108618811258,fde,best_of
2216,0.36605073326317167,fde,best_of
2217,0.08751274169286266,fde,best_of
2218,0.0665598413216078,fde,best_of
2219,0.016237470153510514,fde,best_of
2220,0.023113734994582583,fde,best_of
2221,0.04011699335812032,fde,best_of
2222,0.12368708759156699,fde,best_of
2223,0.11486507263237114,fde,best_of
2224,0.025720463146310362,fde,best_of
2225,0.02254237257143828,fde,best_of
2226,0.04247719066496107,fde,best_of
2227,0.20191252083540773,fde,best_of
2228,0.1065132038010229,fde,best_of
2229,0.029200338357515655,fde,best_of
2230,0.020570231355826585,fde,best_of
2231,0.040848750975748235,fde,best_of
2232,0.17898605350785146,fde,best_of
2233,0.07481295201076152,fde,best_of
2234,0.11580001316040642,fde,best_of
2235,0.030874841752055265,fde,best_of
2236,0.020676652805948267,fde,best_of
2237,0.03869693068865434,fde,best_of
2238,0.22903767503777445,fde,best_of
2239,0.06622514316479534,fde,best_of
2240,0.2255405742024706,fde,best_of
2241,0.022947110237770154,fde,best_of
2242,0.02102558690428019,fde,best_of
2243,0.03989269500195327,fde,best_of
2244,0.11146335373379611,fde,best_of
2245,0.03784593612359384,fde,best_of
2246,0.34834302949515134,fde,best_of
2247,0.0927740823981012,fde,best_of
2248,0.014910746426479219,fde,best_of
2249,0.02152940697972096,fde,best_of
2250,0.03589012976161344,fde,best_of
2251,0.23579197746727829,fde,best_of
2252,0.046771685850611505,fde,best_of
2253,0.18851272260193677,fde,best_of
2254,0.13556710621823473,fde,best_of
2255,0.014766522460343913,fde,best_of
2256,0.022313483525046994,fde,best_of
2257,0.03634727772012644,fde,best_of
2258,0.2122654873043803,fde,best_of
2259,0.11069882257559628,fde,best_of
2260,0.2623395840477048,fde,best_of
2261,0.05749187641773548,fde,best_of
2262,0.24345921052479427,fde,best_of
2263,0.015951316761397074,fde,best_of
2264,0.02239425620839752,fde,best_of
2265,0.03696108625728966,fde,best_of
2266,0.3224351662228333,fde,best_of
2267,0.12252788232647495,fde,best_of
2268,0.40996497251585917,fde,best_of
2269,0.13518901369344669,fde,best_of
2270,0.13091012814298672,fde,best_of
2271,0.02483081616705975,fde,best_of
2272,0.02281640793049326,fde,best_of
2273,0.039434290713892615,fde,best_of
2274,0.22368429702054227,fde,best_of
2275,0.062345381094001055,fde,best_of
2276,0.22817497299189204,fde,best_of
2277,0.3293247137652399,fde,best_of
2278,0.04995211019680004,fde,best_of
2279,0.025123329587909526,fde,best_of
2280,0.023149898445812698,fde,best_of
2281,0.040814779316057405,fde,best_of
2282,0.32742636514831625,fde,best_of
2283,0.14494246474017933,fde,best_of
2284,0.1538039756207741,fde,best_of
2285,0.47237496204901025,fde,best_of
2286,0.07638177820935049,fde,best_of
2287,0.025018255406729216,fde,best_of
2288,0.021193690592150136,fde,best_of
2289,0.04065947936809968,fde,best_of
2290,0.22379727244486244,fde,best_of
2291,0.05183382357738456,fde,best_of
2292,0.14382103007178992,fde,best_of
2293,0.19109404126491905,fde,best_of
2294,0.11231540451858932,fde,best_of
2295,0.024543445995950545,fde,best_of
2296,0.020978941212686994,fde,best_of
2297,0.04054096153301269,fde,best_of
2298,0.18743720620613075,fde,best_of
2299,0.1801716312831499,fde,best_of
2300,0.3019679411895639,fde,best_of
2301,0.27371162027206036,fde,best_of
2302,0.03290764888990169,fde,best_of
2303,0.025296925392491974,fde,best_of
2304,0.021246836166066183,fde,best_of
2305,0.041000660009093505,fde,best_of
2306,0.32638027369225486,fde,best_of
2307,0.30320436833106135,fde,best_of
2308,0.22432325838417008,fde,best_of
2309,0.41633715056439397,fde,best_of
2310,0.20297634382575908,fde,best_of
2311,0.02492370973168886,fde,best_of
2312,0.02138777720730027,fde,best_of
2313,0.03949906717190927,fde,best_of
2314,0.33198773666556136,fde,best_of
2315,0.36471563928016903,fde,best_of
2316,0.28802578797036976,fde,best_of
2317,0.19863497059093974,fde,best_of
2318,0.0846856974346295,fde,best_of
2319,0.02514866120143603,fde,best_of
2320,0.02123317351590949,fde,best_of
2321,0.040175756833308277,fde,best_of
2322,0.44507714104782065,fde,best_of
2323,0.31365436219194226,fde,best_of
2324,0.2233426321262478,fde,best_of
2325,0.17834758155081715,fde,best_of
2326,0.024959490441941498,fde,best_of
2327,0.02397161052991283,fde,best_of
2328,0.041317196638428734,fde,best_of
2329,0.1692413272070796,fde,best_of
2330,0.28624943313352424,fde,best_of
2331,0.126350087138247,fde,best_of
2332,0.25318097584537996,fde,best_of
2333,0.024585095918127246,fde,best_of
2334,0.02383273162605683,fde,best_of
2335,0.0401101025152224,fde,best_of
2336,0.20529334046837164,fde,best_of
2337,0.22078821618508665,fde,best_of
2338,0.18157559776465348,fde,best_of
2339,0.15829915249665563,fde,best_of
2340,0.025360625943487005,fde,best_of
2341,0.02709916845988891,fde,best_of
2342,0.04112603771127072,fde,best_of
2343,0.20102249514246695,fde,best_of
2344,0.17473013792171713,fde,best_of
2345,0.14515737733711007,fde,best_of
2346,0.33839590948533826,fde,best_of
2347,0.02894802350617435,fde,best_of
2348,0.030647029324981468,fde,best_of
2349,0.04160369223160709,fde,best_of
2350,0.18800448213933973,fde,best_of
2351,0.23121553057526512,fde,best_of
2352,0.0969065599738732,fde,best_of
2353,0.22269599939295565,fde,best_of
2354,0.03489195336833304,fde,best_of
2355,0.06486993167217847,fde,best_of
2356,0.03814332807322723,fde,best_of
2357,0.30011994464544417,fde,best_of
2358,0.13127499092412087,fde,best_of
2359,0.0718560875953989,fde,best_of
2360,0.30080747274869946,fde,best_of
2361,0.0263417130674089,fde,best_of
2362,0.07391579609507397,fde,best_of
2363,0.04252164994918302,fde,best_of
2364,0.2310858281536567,fde,best_of
2365,0.07699889478280246,fde,best_of
2366,0.15017234027030626,fde,best_of
2367,0.13035364436185415,fde,best_of
2368,0.030408605213790577,fde,best_of
2369,0.26025041380126135,fde,best_of
2370,0.04267047492589127,fde,best_of
2371,0.310859591984642,fde,best_of
2372,0.3188836258042864,fde,best_of
2373,0.11771571768825494,fde,best_of
2374,0.25628606284172356,fde,best_of
2375,0.6091305943526057,fde,best_of
2376,0.03157664405018865,fde,best_of
2377,0.42247459751292266,fde,best_of
2378,0.04165854268648888,fde,best_of
2379,0.24276299992571546,fde,best_of
2380,0.2955526009106059,fde,best_of
2381,0.10316399563661666,fde,best_of
2382,0.3539307257479896,fde,best_of
2383,0.4604492650791947,fde,best_of
2384,0.02976128992668315,fde,best_of
2385,0.4820317771012132,fde,best_of
2386,0.04410632299237967,fde,best_of
2387,0.16727978556281517,fde,best_of
2388,0.14188014993141015,fde,best_of
2389,0.029736166380868997,fde,best_of
2390,0.41243607834671303,fde,best_of
2391,0.2894390251982295,fde,best_of
2392,0.3270326986704003,fde,best_of
2393,0.3362202672919549,fde,best_of
2394,0.39660327574178217,fde,best_of
2395,0.02961374349696013,fde,best_of
2396,0.543464462071668,fde,best_of
2397,0.044330459114390305,fde,best_of
2398,0.06315822852152818,fde,best_of
2399,0.17101450339275817,fde,best_of
2400,0.10423303963309126,fde,best_of
2401,0.9845367627306182,fde,best_of
2402,0.28377438241323855,fde,best_of
2403,0.15221651767586875,fde,best_of
2404,0.17514053375054286,fde,best_of
2405,0.4269542220661385,fde,best_of
2406,0.02935651696212533,fde,best_of
2407,0.3924535108630182,fde,best_of
2408,0.04656088197692024,fde,best_of
2409,0.24886259830267943,fde,best_of
2410,0.12577666155829983,fde,best_of
2411,0.12674107800915868,fde,best_of
2412,1.5762103738167927,fde,best_of
2413,0.3764369463983084,fde,best_of
2414,0.2966153482543049,fde,best_of
2415,0.18628097654673914,fde,best_of
2416,0.41688410606454795,fde,best_of
2417,0.028873819755479483,fde,best_of
2418,0.2704488321173195,fde,best_of
2419,0.04620509029797076,fde,best_of
2420,0.27530104944700917,fde,best_of
2421,0.231092966691347,fde,best_of
2422,0.24825015628705427,fde,best_of
2423,0.2088365993520475,fde,best_of
2424,0.37387364940676787,fde,best_of
2425,0.35005846012016995,fde,best_of
2426,0.23623086574318253,fde,best_of
2427,0.5078620425119511,fde,best_of
2428,0.1894862726246836,fde,best_of
2429,0.022768801576068982,fde,best_of
2430,0.22751565377110217,fde,best_of
2431,0.040091382258938164,fde,best_of
2432,0.2802871803795217,fde,best_of
2433,0.12871606271316213,fde,best_of
2434,0.30555981196197063,fde,best_of
2435,0.4216259021407037,fde,best_of
2436,0.5329194621229094,fde,best_of
2437,0.3482174034121153,fde,best_of
2438,0.3301845054545897,fde,best_of
2439,0.8688077351703833,fde,best_of
2440,0.2436185523570585,fde,best_of
2441,0.020018686593523217,fde,best_of
2442,0.20110812802663672,fde,best_of
2443,0.04196299050945709,fde,best_of
2444,0.20694374498454257,fde,best_of
2445,0.12486640808537997,fde,best_of
2446,0.2326583218196568,fde,best_of
2447,0.2822753542372323,fde,best_of
2448,0.40705098191844546,fde,best_of
2449,0.07965942556166382,fde,best_of
2450,0.4539164161204286,fde,best_of
2451,0.3268535084872473,fde,best_of
2452,0.14694608293677394,fde,best_of
2453,0.3193961314345874,fde,best_of
2454,0.023336971496269624,fde,best_of
2455,0.21226521881864285,fde,best_of
2456,0.04553306025070194,fde,best_of
2457,0.20593381986844808,fde,best_of
2458,0.15634786550380353,fde,best_of
2459,0.25699013478567845,fde,best_of
2460,0.5007422496728025,fde,best_of
2461,0.031032794873923172,fde,best_of
2462,0.17631026471410108,fde,best_of
2463,0.3208277938481945,fde,best_of
2464,0.25395672319514706,fde,best_of
2465,0.11806010424351206,fde,best_of
2466,0.33581847674097765,fde,best_of
2467,0.4715545698602755,fde,best_of
2468,0.02789855061617837,fde,best_of
2469,0.3341187830744771,fde,best_of
2470,0.040060638021650864,fde,best_of
2471,0.21986801903128592,fde,best_of
2472,0.21347125665342648,fde,best_of
2473,0.3617953413133709,fde,best_of
2474,0.44160634233103396,fde,best_of
2475,0.2922110750541833,fde,best_of
2476,0.16268970348019243,fde,best_of
2477,0.09149187151569292,fde,best_of
2478,0.5044534369869706,fde,best_of
2479,0.5236839948884849,fde,best_of
2480,0.44167050936415186,fde,best_of
2481,0.5067754561576968,fde,best_of
2482,0.03498711872779367,fde,best_of
2483,0.2564992175154266,fde,best_of
2484,0.03546785451165379,fde,best_of
2485,0.19706141942083624,fde,best_of
2486,0.20312913420752543,fde,best_of
2487,0.3270006498203033,fde,best_of
2488,0.04424872674352056,fde,best_of
2489,0.29777376249737736,fde,best_of
2490,0.10493914049741072,fde,best_of
2491,0.4731127923835079,fde,best_of
2492,0.26083905979440586,fde,best_of
2493,0.5089353976783318,fde,best_of
2494,0.14635275210245852,fde,best_of
2495,0.034289627098655504,fde,best_of
2496,0.1286416364260132,fde,best_of
2497,0.03172308591556245,fde,best_of
2498,0.2143632911826937,fde,best_of
2499,0.3260907955513407,fde,best_of
2500,0.40332899080399887,fde,best_of
2501,0.08138392972648222,fde,best_of
2502,0.3683321387707555,fde,best_of
2503,0.41379400821239076,fde,best_of
2504,0.38307832069190684,fde,best_of
2505,0.21767791409482562,fde,best_of
2506,0.22151241388742934,fde,best_of
2507,0.571103482644066,fde,best_of
2508,0.036272066098755655,fde,best_of
2509,0.14919457787425958,fde,best_of
2510,0.034829926263114236,fde,best_of
2511,0.26136598354063273,fde,best_of
2512,0.4019413732652582,fde,best_of
2513,0.25561528541750217,fde,best_of
2514,0.21075003964523867,fde,best_of
2515,0.18115951883524054,fde,best_of
2516,0.16679997773229724,fde,best_of
2517,0.09493951537202487,fde,best_of
2518,0.40328110205972245,fde,best_of
2519,0.3037522942512643,fde,best_of
2520,0.28851742240634715,fde,best_of
2521,0.04251554908896371,fde,best_of
2522,0.24176033487311757,fde,best_of
2523,0.03861140996942308,fde,best_of
2524,0.4638293651158737,fde,best_of
2525,0.339519219674305,fde,best_of
2526,0.1713150907814841,fde,best_of
2527,0.4406763850951027,fde,best_of
2528,0.32421066825739,fde,best_of
2529,0.17724569268311208,fde,best_of
2530,0.0565991489904168,fde,best_of
2531,0.40937556799158414,fde,best_of
2532,0.037779934557643134,fde,best_of
2533,0.1486657425044809,fde,best_of
2534,0.03916473589586172,fde,best_of
2535,0.06438341021958115,fde,best_of
2536,0.3031491528793797,fde,best_of
2537,0.39903314734625517,fde,best_of
2538,0.4042156949606589,fde,best_of
2539,0.24837907056630099,fde,best_of
2540,0.07121802376380078,fde,best_of
2541,0.0609035715764211,fde,best_of
2542,0.3551418231576989,fde,best_of
2543,0.035483284926581746,fde,best_of
2544,0.07274938674123937,fde,best_of
2545,0.04215614748498279,fde,best_of
2546,0.26527335924794515,fde,best_of
2547,0.3000796930434301,fde,best_of
2548,0.4649303844597497,fde,best_of
2549,0.23218388262233391,fde,best_of
2550,0.1391477012522955,fde,best_of
2551,0.1838171980987458,fde,best_of
2552,0.1282228250928728,fde,best_of
2553,0.0394618681613971,fde,best_of
2554,0.07467306442628333,fde,best_of
2555,0.04120914425478607,fde,best_of
2556,0.3505482221018319,fde,best_of
2557,0.4479083967394636,fde,best_of
2558,0.3770510118795857,fde,best_of
2559,0.10727255064462395,fde,best_of
2560,0.03505268579671661,fde,best_of
2561,0.15238862129268904,fde,best_of
2562,0.2557099566072566,fde,best_of
2563,0.04077930068618732,fde,best_of
2564,0.06306407702119303,fde,best_of
2565,0.04240121022300748,fde,best_of
2566,0.2469346197265127,fde,best_of
2567,0.18634411513120294,fde,best_of
2568,0.17064343007129448,fde,best_of
2569,0.0515470286234061,fde,best_of
2570,0.12337480069443899,fde,best_of
2571,0.23513474078665275,fde,best_of
2572,0.039280918392534295,fde,best_of
2573,0.017393730880249182,fde,best_of
2574,0.041586806988366365,fde,best_of
2575,0.314065809873012,fde,best_of
2576,0.07140422524995557,fde,best_of
2577,0.01931242197809847,fde,best_of
2578,0.062191004410815154,fde,best_of
2579,0.15209730356106577,fde,best_of
2580,0.038324855578336314,fde,best_of
2581,0.011445940236204105,fde,best_of
2582,0.04351588505371619,fde,best_of
2583,0.3200559326622579,fde,best_of
2584,0.0379271585396399,fde,best_of
2585,0.07894344180333042,fde,best_of
2586,0.22797629485560622,fde,best_of
2587,0.0389096917920366,fde,best_of
2588,0.018483468667660485,fde,best_of
2589,0.042588089688519404,fde,best_of
2590,0.4277933207508185,fde,best_of
2591,0.03982629965047447,fde,best_of
2592,0.08330657925829849,fde,best_of
2593,0.04236038297344222,fde,best_of
2594,0.021977217047903255,fde,best_of
2595,0.043010355441016355,fde,best_of
2596,0.10437090101791684,fde,best_of
2597,0.07508778436207687,fde,best_of
2598,0.048134769181883384,fde,best_of
2599,0.043721740153584855,fde,best_of
2600,0.026428245392152005,fde,best_of
2601,0.039794310755302056,fde,best_of
2602,0.06111876476069802,fde,best_of
2603,0.0828460258762986,fde,best_of
2604,0.01589033758284465,fde,best_of
2605,0.03162326572933484,fde,best_of
2606,0.019845308360701967,fde,best_of
2607,0.04059812495851865,fde,best_of
2608,0.22024032871381652,fde,best_of
2609,0.0317009077480536,fde,best_of
2610,0.04227461420689949,fde,best_of
2611,0.0321998707782181,fde,best_of
2612,0.04424084138033577,fde,best_of
2613,0.04034591559843666,fde,best_of
2614,0.10528262639407786,fde,best_of
2615,0.027175259484212136,fde,best_of
2616,0.01662021555068187,fde,best_of
2617,0.024708493651560696,fde,best_of
2618,0.02531757362448179,fde,best_of
2619,0.041896463561370514,fde,best_of
2620,0.24084835954897557,fde,best_of
2621,0.02323749512626294,fde,best_of
2622,0.019012091093186575,fde,best_of
2623,0.02664581323055682,fde,best_of
2624,0.030614801371336504,fde,best_of
2625,0.04214252906110301,fde,best_of
2626,0.337031694178373,fde,best_of
2627,0.007935641323395174,fde,best_of
2628,0.023554880892728555,fde,best_of
2629,0.019454886201374845,fde,best_of
2630,0.03105653105680545,fde,best_of
2631,0.04165305634702083,fde,best_of
2632,0.15382508419949387,fde,best_of
2633,0.0385390457045837,fde,best_of
2634,0.014276363560164061,fde,best_of
2635,0.109000304741024,fde,best_of
2636,0.820648169436584,fde,best_of
2637,0.020015103474393826,fde,best_of
2638,0.044342814107389515,fde,best_of
2639,0.041595011695418294,fde,best_of
2640,0.22846933652612722,fde,best_of
2641,0.0312913395792305,fde,best_of
2642,0.019255553435425253,fde,best_of
2643,0.35410929151421283,fde,best_of
2644,0.443066511429451,fde,best_of
2645,0.027985137003022086,fde,best_of
2646,0.029784387816223383,fde,best_of
2647,0.042192770412200355,fde,best_of
2648,0.13787172751196958,fde,best_of
2649,0.0287945049167998,fde,best_of
2650,0.01840339822525271,fde,best_of
2651,0.08777081347151591,fde,best_of
2652,0.02713069922811233,fde,best_of
2653,0.032139256323254324,fde,best_of
2654,0.041703800310275894,fde,best_of
2655,0.03174599282313163,fde,best_of
2656,0.03047075728456972,fde,best_of
2657,0.01874209889341244,fde,best_of
2658,0.382137395191002,fde,best_of
2659,0.028018673371055368,fde,best_of
2660,0.03590880650995511,fde,best_of
2661,0.04358165389844595,fde,best_of
2662,0.2556102174986072,fde,best_of
2663,0.03122052189558195,fde,best_of
2664,0.019138200285988366,fde,best_of
2665,0.3933351350107326,fde,best_of
2666,0.0224520551709322,fde,best_of
2667,0.02946878345790582,fde,best_of
2668,0.043703395712098796,fde,best_of
2669,0.24768366526718164,fde,best_of
2670,0.03178656535748812,fde,best_of
2671,0.02048429587237292,fde,best_of
2672,0.4573352534903104,fde,best_of
2673,0.02039997680447109,fde,best_of
2674,0.035300636922139715,fde,best_of
2675,0.043897710288930275,fde,best_of
2676,0.02502528517366794,fde,best_of
2677,0.034737558812714564,fde,best_of
2678,0.02148357339115534,fde,best_of
2679,0.3523920876656591,fde,best_of
2680,0.01720981924777716,fde,best_of
2681,0.037141848048355186,fde,best_of
2682,0.04405436578584803,fde,best_of
2683,0.4594736022194383,fde,best_of
2684,0.03575886733663754,fde,best_of
2685,0.02049852771839902,fde,best_of
2686,0.18206822275951512,fde,best_of
2687,0.12219939163559915,fde,best_of
2688,0.014882748917249826,fde,best_of
2689,0.03746980288144973,fde,best_of
2690,0.04377436339637312,fde,best_of
2691,1.005823733156002,fde,best_of
2692,0.036496183615875505,fde,best_of
2693,0.020854442731544777,fde,best_of
2694,0.16130232005540276,fde,best_of
2695,0.016099715542971318,fde,best_of
2696,0.013930609236677247,fde,best_of
2697,0.03432829861306613,fde,best_of
2698,0.04213820316719716,fde,best_of
2699,1.6632422908668543,fde,best_of
2700,0.03668997738317405,fde,best_of
2701,0.020849561034886742,fde,best_of
2702,0.04768998568968446,fde,best_of
2703,0.24809733317265908,fde,best_of
2704,0.011977985329534029,fde,best_of
2705,0.0394137974780112,fde,best_of
2706,0.040413207761555874,fde,best_of
2707,1.1275582901692047,fde,best_of
2708,0.038360884797117495,fde,best_of
2709,0.02188923668803653,fde,best_of
2710,0.18715275461501504,fde,best_of
2711,0.22474326234366823,fde,best_of
2712,0.009904896336939228,fde,best_of
2713,0.04064475920223701,fde,best_of
2714,0.038618602942560004,fde,best_of
2715,0.6980308982349757,fde,best_of
2716,0.04012428051260319,fde,best_of
2717,0.0222849971328896,fde,best_of
2718,0.2699477395223068,fde,best_of
2719,0.4995021404319015,fde,best_of
2720,0.008672149378981305,fde,best_of
2721,0.03861617545114493,fde,best_of
2722,0.03774210058766496,fde,best_of
2723,0.913853022864346,fde,best_of
2724,0.04150743793855178,fde,best_of
2725,0.022251850387558843,fde,best_of
2726,0.4190988296855727,fde,best_of
2727,0.01821143376380572,fde,best_of
2728,0.03676706256667792,fde,best_of
2729,0.04270043865677751,fde,best_of
2730,0.04136915123479662,fde,best_of
2731,0.023081346553737277,fde,best_of
2732,0.5522969016113302,fde,best_of
2733,0.019082735354690232,fde,best_of
2734,0.03628145936048205,fde,best_of
2735,0.0425295737867811,fde,best_of
2736,0.04030342401705182,fde,best_of
2737,0.025871341144555946,fde,best_of
2738,0.5334618977588056,fde,best_of
2739,0.019334549514174917,fde,best_of
2740,0.038789717720086325,fde,best_of
2741,0.04233737773889172,fde,best_of
2742,0.04031183604173554,fde,best_of
2743,0.026089791354099168,fde,best_of
2744,0.5936565054232542,fde,best_of
2745,0.020889686889856884,fde,best_of
2746,0.03816143110343746,fde,best_of
2747,0.04233955693515595,fde,best_of
2748,0.04005550929226224,fde,best_of
2749,0.028720334368832673,fde,best_of
2750,0.23757492373909622,fde,best_of
2751,0.02637230916385251,fde,best_of
2752,0.037043466480600876,fde,best_of
2753,0.03953223090841272,fde,best_of
2754,0.04051645444280588,fde,best_of
2755,0.028063318200522092,fde,best_of
2756,0.029855608554167426,fde,best_of
2757,0.042076543784617254,fde,best_of
2758,0.03952376967033942,fde,best_of
2759,0.0401871861329118,fde,best_of
2760,0.029132922200299168,fde,best_of
2761,0.4128038692889858,fde,best_of
2762,0.024404099644062417,fde,best_of
2763,0.04289899846786391,fde,best_of
2764,0.03951768873749636,fde,best_of
2765,0.040444382886245266,fde,best_of
2766,0.02849845087120305,fde,best_of
2767,0.38300138285920854,fde,best_of
2768,0.274430026367302,fde,best_of
2769,0.03325878255375465,fde,best_of
2770,0.04108166594979739,fde,best_of
2771,0.03951104631175219,fde,best_of
2772,0.040166706095353374,fde,best_of
2773,0.028786869194202418,fde,best_of
2774,0.365149407538862,fde,best_of
2775,0.3336468161295075,fde,best_of
2776,0.05742008850382367,fde,best_of
2777,0.041183307846161664,fde,best_of
2778,0.03950048076003943,fde,best_of
2779,0.040237027541766335,fde,best_of
2780,0.02868513965320912,fde,best_of
2781,0.3381551132961884,fde,best_of
2782,0.705407275427266,fde,best_of
2783,0.0852797804479863,fde,best_of
2784,0.04162846284604172,fde,best_of
2785,0.03949136482756717,fde,best_of
2786,0.04005260629521828,fde,best_of
2787,0.028260617047041164,fde,best_of
2788,0.30480353079526035,fde,best_of
2789,0.81164100210662,fde,best_of
2790,0.0807959292967064,fde,best_of
2791,0.04259122249143532,fde,best_of
2792,0.037684738983634794,fde,best_of
2793,0.040507747095665944,fde,best_of
2794,0.0291071516352529,fde,best_of
2795,0.46324309526603413,fde,best_of
2796,0.30252005965175105,fde,best_of
2797,0.21902448383141976,fde,best_of
2798,0.08199085287652065,fde,best_of
2799,0.04345657776159175,fde,best_of
2800,0.038068965901269014,fde,best_of
2801,0.04035895080623146,fde,best_of
2802,0.028446360980314667,fde,best_of
2803,0.12700675512221496,fde,best_of
2804,0.9727262522564059,fde,best_of
2805,0.12100197675718424,fde,best_of
2806,0.08738241729985328,fde,best_of
2807,0.04131661663273728,fde,best_of
2808,0.03836820789847309,fde,best_of
2809,0.0401095529582668,fde,best_of
2810,0.028791322543209524,fde,best_of
2811,0.17206107646876215,fde,best_of
2812,0.35796269573357953,fde,best_of
2813,0.2802433315318902,fde,best_of
2814,0.10430057930472308,fde,best_of
2815,0.04131711304942652,fde,best_of
2816,0.04116019963685797,fde,best_of
2817,0.04048010047806981,fde,best_of
2818,0.028801524846503963,fde,best_of
2819,0.09708644953531687,fde,best_of
2820,0.0785550564672174,fde,best_of
2821,0.12518360567912878,fde,best_of
2822,0.04253895690191366,fde,best_of
2823,0.043253064854653085,fde,best_of
2824,0.0401744405903731,fde,best_of
2825,0.028203900045706408,fde,best_of
2826,0.17072416003551677,fde,best_of
2827,0.18937426896755247,fde,best_of
2828,0.14814701367504776,fde,best_of
2829,0.0414785685563725,fde,best_of
2830,0.04312472746092094,fde,best_of
2831,0.040601751625601416,fde,best_of
2832,0.029080213617532612,fde,best_of
2833,0.22114836144987937,fde,best_of
2834,0.10439906649558658,fde,best_of
2835,0.1479776863046598,fde,best_of
2836,0.04081748531740786,fde,best_of
2837,0.0859618427771762,fde,best_of
2838,0.04026429264761835,fde,best_of
2839,0.02875628497788835,fde,best_of
2840,0.2323266499072464,fde,best_of
2841,0.10314590751747447,fde,best_of
2842,0.07789160893532061,fde,best_of
2843,0.04252375168877229,fde,best_of
2844,0.1523633079747491,fde,best_of
2845,0.04061433193005373,fde,best_of
2846,0.029172045256708523,fde,best_of
2847,0.184177201273457,fde,best_of
2848,0.12194723575719647,fde,best_of
2849,0.07652312850091328,fde,best_of
2850,0.04085269223100856,fde,best_of
2851,0.283659811242914,fde,best_of
2852,0.04048601072440536,fde,best_of
2853,0.029270402736781574,fde,best_of
2854,0.07731482267824485,fde,best_of
2855,0.29341900735417525,fde,best_of
2856,0.18006823113176934,fde,best_of
2857,0.07382355085472163,fde,best_of
2858,0.04089082754265497,fde,best_of
2859,0.24910228159432551,fde,best_of
2860,0.04069534080865555,fde,best_of
2861,0.02876539138826312,fde,best_of
2862,0.26895318271182656,fde,best_of
2863,0.22483392455375756,fde,best_of
2864,0.012836270578357036,fde,best_of
2865,0.0751374347274589,fde,best_of
2866,0.041289757651092884,fde,best_of
2867,0.13660539120134055,fde,best_of
2868,0.04030120932630365,fde,best_of
2869,0.029291224783391363,fde,best_of
2870,0.0982806434845376,fde,best_of
2871,0.20037811731077296,fde,best_of
2872,0.2644086475429034,fde,best_of
2873,0.09868110577052121,fde,best_of
2874,0.04074541933147147,fde,best_of
2875,0.2563167952551249,fde,best_of
2876,0.04010403744486282,fde,best_of
2877,0.028532287694843655,fde,best_of
2878,0.11505457972245661,fde,best_of
2879,0.22353441837142182,fde,best_of
2880,0.15731967422857812,fde,best_of
2881,0.43660362533640246,fde,best_of
2882,0.11884824994862485,fde,best_of
2883,0.042463292678477906,fde,best_of
2884,0.4721029741643499,fde,best_of
2885,0.04026033040572931,fde,best_of
2886,0.028584062869178455,fde,best_of
2887,0.08634554773756262,fde,best_of
2888,0.25925489460870854,fde,best_of
2889,0.21425431659635985,fde,best_of
2890,0.058532486841629094,fde,best_of
2891,0.1255676817256333,fde,best_of
2892,0.0407942044517575,fde,best_of
2893,0.7003417123036639,fde,best_of
2894,0.045402852844540764,fde,best_of
2895,0.02871110810278329,fde,best_of
2896,0.17706645974828536,fde,best_of
2897,0.2752606565814785,fde,best_of
2898,0.4324517473811426,fde,best_of
2899,0.24510869516633227,fde,best_of
2900,0.08959428636737883,fde,best_of
2901,0.0398408024858129,fde,best_of
2902,0.6775934985493495,fde,best_of
2903,0.04682452408618272,fde,best_of
2904,0.028131373031888802,fde,best_of
2905,0.2293198719553909,fde,best_of
2906,0.1985272638145395,fde,best_of
2907,0.40363824307863916,fde,best_of
2908,0.2199198020632598,fde,best_of
2909,0.10539384762329258,fde,best_of
2910,0.0397293773155154,fde,best_of
2911,0.6619313537327999,fde,best_of
2912,0.04675766654238799,fde,best_of
2913,0.03801121259397568,fde,best_of
2914,0.23361947208385705,fde,best_of
2915,0.2533432575960736,fde,best_of
2916,0.4967215696623747,fde,best_of
2917,0.36304795622672187,fde,best_of
2918,0.10525199890809346,fde,best_of
2919,0.03887547044317634,fde,best_of
2920,0.2596225761309193,fde,best_of
2921,0.047376776233147865,fde,best_of
2922,0.03796779431312628,fde,best_of
2923,0.16636272643679176,fde,best_of
2924,0.2917386568645431,fde,best_of
2925,0.5463506670334763,fde,best_of
2926,0.37638336207442397,fde,best_of
2927,0.1591548659394354,fde,best_of
2928,0.03873609862553999,fde,best_of
2929,0.19810632089425811,fde,best_of
2930,0.04690091969917384,fde,best_of
2931,0.03941350045726421,fde,best_of
2932,0.05351717545029435,fde,best_of
2933,0.3388767300357638,fde,best_of
2934,0.4109062399485154,fde,best_of
2935,0.21941883626798328,fde,best_of
2936,0.04015380733111465,fde,best_of
2937,0.30292602947252545,fde,best_of
2938,0.04969612548454345,fde,best_of
2939,0.04461710806666963,fde,best_of
2940,0.4224698097387577,fde,best_of
2941,0.26327781451341237,fde,best_of
2942,0.30249432935653037,fde,best_of
2943,0.03994436987638998,fde,best_of
2944,0.39687976731352753,fde,best_of
2945,0.05010283942636132,fde,best_of
2946,0.04349679215285023,fde,best_of
2947,0.4794672152027331,fde,best_of
2948,0.36862714920425327,fde,best_of
2949,0.09671048332578158,fde,best_of
2950,0.3708919173627334,fde,best_of
2951,0.0397932674911851,fde,best_of
2952,0.22429556358186697,fde,best_of
2953,0.05090226188859127,fde,best_of
2954,0.046491680039083785,fde,best_of
2955,0.4428189686155906,fde,best_of
2956,0.5018385875215244,fde,best_of
2957,0.3254844663982605,fde,best_of
2958,0.2109067590285979,fde,best_of
2959,0.04204411985468317,fde,best_of
2960,0.4967650203273838,fde,best_of
2961,0.05145787398196057,fde,best_of
2962,0.0441945050902809,fde,best_of
2963,0.41136213529358645,fde,best_of
2964,0.14200091376418789,fde,best_of
2965,0.1604777166826705,fde,best_of
2966,0.24930772218325914,fde,best_of
2967,0.3564568660065084,fde,best_of
2968,0.042561059452488066,fde,best_of
2969,0.3391641480021284,fde,best_of
2970,0.05322565340566733,fde,best_of
2971,0.043726585840644254,fde,best_of
2972,0.45002204736090334,fde,best_of
2973,0.24461591473660996,fde,best_of
2974,0.1686158038559443,fde,best_of
2975,0.22702640665596416,fde,best_of
2976,0.2269740365314875,fde,best_of
2977,0.04292293761941062,fde,best_of
2978,0.5063432326975951,fde,best_of
2979,0.045782400651733834,fde,best_of
2980,0.042489797320726906,fde,best_of
2981,0.5338867806256852,fde,best_of
2982,0.5890756415106541,fde,best_of
2983,0.534629966323245,fde,best_of
2984,0.21315760243413912,fde,best_of
2985,0.19443556605875162,fde,best_of
2986,0.04577403882745904,fde,best_of
2987,1.381514450588671,fde,best_of
2988,0.0363542390290566,fde,best_of
2989,0.032140703942006264,fde,best_of
2990,0.6914074311982606,fde,best_of
2991,0.6120340241870503,fde,best_of
2992,0.587523326224853,fde,best_of
2993,0.2253086417953097,fde,best_of
2994,0.1314574036149628,fde,best_of
2995,0.044449455106342003,fde,best_of
2996,2.3338396907545778,fde,best_of
2997,0.03588198326710415,fde,best_of
2998,0.03059303840062864,fde,best_of
2999,0.4898495056151729,fde,best_of
3000,0.18462960292003183,fde,best_of
3001,0.23703243406473026,fde,best_of
3002,0.041007672967731404,fde,best_of
3003,2.540319596251814,fde,best_of
3004,0.03700826203287599,fde,best_of
3005,0.023232710186364674,fde,best_of
3006,0.45488280082699817,fde,best_of
3007,0.09547234325378545,fde,best_of
3008,0.16767833780770777,fde,best_of
3009,0.04013516698123681,fde,best_of
3010,2.1237432785274972,fde,best_of
3011,0.039801159141702236,fde,best_of
3012,0.025275528565886416,fde,best_of
3013,0.36894423574655755,fde,best_of
3014,0.15477535275901408,fde,best_of
3015,0.24362711872585688,fde,best_of
3016,0.03826209535849437,fde,best_of
3017,2.311445927823597,fde,best_of
3018,0.04171337024712882,fde,best_of
3019,0.027287168349126797,fde,best_of
3020,0.4546111603125484,fde,best_of
3021,0.212203427142903,fde,best_of
3022,0.10271378230417073,fde,best_of
3023,0.03444389248380288,fde,best_of
3024,2.0023813692625905,fde,best_of
3025,0.04277607465530995,fde,best_of
3026,0.02935365691241502,fde,best_of
3027,0.26749704277012326,fde,best_of
3028,0.35701460997469825,fde,best_of
3029,0.24809800881906238,fde,best_of
3030,0.030565908697538904,fde,best_of
3031,0.043352723908203356,fde,best_of
3032,0.030428625524587038,fde,best_of
3033,0.38993012540219557,fde,best_of
3034,0.3948875674163929,fde,best_of
3035,0.29179984724057956,fde,best_of
3036,0.027270597751126672,fde,best_of
3037,0.04208756060834597,fde,best_of
3038,0.034155417220084014,fde,best_of
3039,0.35189364122373373,fde,best_of
3040,0.2566642468402731,fde,best_of
3041,0.3162595614468819,fde,best_of
3042,0.027257261469620743,fde,best_of
3043,0.04257137705853544,fde,best_of
3044,0.028849672973826485,fde,best_of
3045,0.4153929375941426,fde,best_of
3046,0.07877409646913573,fde,best_of
3047,0.2939545020650168,fde,best_of
3048,0.026897212867617693,fde,best_of
3049,0.03913709841153191,fde,best_of
3050,0.028214070459425915,fde,best_of
3051,0.35701340475505794,fde,best_of
3052,0.1924810056098096,fde,best_of
3053,0.2967714516373032,fde,best_of
3054,0.034277942746496835,fde,best_of
3055,0.04141761653615031,fde,best_of
3056,0.027465065681840175,fde,best_of
3057,0.5329843967165162,fde,best_of
3058,0.19499419029557905,fde,best_of
3059,0.2918440369544813,fde,best_of
3060,0.03618819231084297,fde,best_of
3061,0.03992077486960676,fde,best_of
3062,0.02611646397782463,fde,best_of
3063,0.22262863440520694,fde,best_of
3064,0.02752319458674482,fde,best_of
3065,0.2880875094076014,fde,best_of
3066,0.03798920562611112,fde,best_of
3067,0.039616455214460125,fde,best_of
3068,0.02521618134913579,fde,best_of
3069,0.1373474660104266,fde,best_of
3070,0.25652018719799197,fde,best_of
3071,0.046203180809539356,fde,best_of
3072,0.04243597518588794,fde,best_of
3073,0.0397743175401033,fde,best_of
3074,0.026084319189887167,fde,best_of
3075,0.2633490193578735,fde,best_of
3076,0.25922539032364933,fde,best_of
3077,0.10593433069891472,fde,best_of
3078,0.037201678601311704,fde,best_of
3079,0.040159944536139344,fde,best_of
3080,0.026143969903352996,fde,best_of
3081,0.1316452355835896,fde,best_of
3082,0.4007331491831241,fde,best_of
3083,0.05774899957986086,fde,best_of
3084,0.03669908406568733,fde,best_of
3085,0.0390145591518125,fde,best_of
3086,0.026107114890096737,fde,best_of
3087,0.1544352593791221,fde,best_of
3088,0.178239503366434,fde,best_of
3089,0.0293965578860094,fde,best_of
3090,0.03477446402506907,fde,best_of
3091,0.037995718848641245,fde,best_of
3092,0.025130120230091,fde,best_of
3093,0.1640366390597519,fde,best_of
3094,0.19872176345326997,fde,best_of
3095,0.06272481434328701,fde,best_of
3096,0.03647262668478181,fde,best_of
3097,0.037429455545049575,fde,best_of
3098,0.024092924491146094,fde,best_of
3099,0.2038098202943151,fde,best_of
3100,0.3188288476382278,fde,best_of
3101,0.06861410900146696,fde,best_of
3102,0.03383670395618903,fde,best_of
3103,0.035067659613713366,fde,best_of
3104,0.026452771300859962,fde,best_of
3105,0.10091765376507351,fde,best_of
3106,0.08042526421213493,fde,best_of
3107,0.025170728617575952,fde,best_of
3108,0.03763485005339195,fde,best_of
3109,0.03568590313174191,fde,best_of
3110,0.025529474265277085,fde,best_of
3111,0.050029456894135474,fde,best_of
3112,0.14068930147879408,fde,best_of
3113,0.04110156110875483,fde,best_of
3114,0.03600032312382822,fde,best_of
3115,0.03668145702051107,fde,best_of
3116,0.026125082751105963,fde,best_of
3117,0.1533682632486246,fde,best_of
3118,0.07175212911291494,fde,best_of
3119,0.04006972903195457,fde,best_of
3120,0.0372036295433405,fde,best_of
3121,0.03740848564954933,fde,best_of
3122,0.026593190105040004,fde,best_of
3123,0.03533584960823071,fde,best_of
3124,0.20328709936742245,fde,best_of
3125,0.03507128475156839,fde,best_of
3126,0.03980777284896256,fde,best_of
3127,0.03715436511383479,fde,best_of
3128,0.01813951660330847,fde,best_of
3129,0.19175074958980542,fde,best_of
3130,0.1657505619202994,fde,best_of
3131,0.03228591738554447,fde,best_of
3132,0.04212813913001324,fde,best_of
3133,0.03529063379515228,fde,best_of
3134,0.015981393567988382,fde,best_of
3135,0.30000204321344437,fde,best_of
3136,0.30597423533293827,fde,best_of
3137,0.030279102148068882,fde,best_of
3138,0.04192838825650665,fde,best_of
3139,0.03729921851526405,fde,best_of
3140,0.016002765977664746,fde,best_of
3141,0.5520008981527782,fde,best_of
3142,0.6783723267356748,fde,best_of
3143,0.028480581547165856,fde,best_of
3144,0.041523680872266926,fde,best_of
3145,0.03728566313999398,fde,best_of
3146,0.016701315664114022,fde,best_of
3147,0.2784578350558223,fde,best_of
3148,0.27210795194903026,fde,best_of
3149,0.029234489927083374,fde,best_of
3150,0.04173417825010621,fde,best_of
3151,0.037373093044021616,fde,best_of
3152,0.01664121018744912,fde,best_of
3153,0.591898714479454,fde,best_of
3154,0.37415424200411146,fde,best_of
3155,0.029854148944172525,fde,best_of
3156,0.04215575911458075,fde,best_of
3157,0.03751791134629035,fde,best_of
3158,0.017240193016218694,fde,best_of
3159,0.3547856202082055,fde,best_of
3160,0.3464291173828974,fde,best_of
3161,0.40177241532907554,fde,best_of
3162,0.027147626959046114,fde,best_of
3163,0.03352943839962735,fde,best_of
3164,0.03800867479422782,fde,best_of
3165,0.017669706656137367,fde,best_of
3166,0.4086020920085196,fde,best_of
3167,0.4342259256528005,fde,best_of
3168,0.6848573996372255,fde,best_of
3169,0.02641856395971774,fde,best_of
3170,0.034168158349797265,fde,best_of
3171,0.037449199304139764,fde,best_of
3172,0.017368162813905446,fde,best_of
3173,0.33201970969339323,fde,best_of
3174,0.6019610544503698,fde,best_of
3175,0.7366462344790392,fde,best_of
3176,0.027328182663892628,fde,best_of
3177,0.035789179718496586,fde,best_of
3178,0.036965746098971346,fde,best_of
3179,0.018585491331897498,fde,best_of
3180,0.31049799003317163,fde,best_of
3181,0.33763303003071793,fde,best_of
3182,0.6836548143313904,fde,best_of
3183,0.027260103423935665,fde,best_of
3184,0.036974250342233624,fde,best_of
3185,0.03652431597003088,fde,best_of
3186,0.01840309737961891,fde,best_of
3187,0.556585101747877,fde,best_of
3188,0.4588981480053736,fde,best_of
3189,0.028782152843092997,fde,best_of
3190,0.035581344471893615,fde,best_of
3191,0.03425943560289199,fde,best_of
3192,0.021929582091783167,fde,best_of
3193,0.0325840829679528,fde,best_of
3194,0.03647504296747641,fde,best_of
3195,0.03184325196647023,fde,best_of
3196,0.02730086633329128,fde,best_of
3197,0.03265005811991746,fde,best_of
3198,0.038020165992946574,fde,best_of
3199,0.03294276821131619,fde,best_of
3200,0.026562060891097302,fde,best_of
3201,0.03290988714720966,fde,best_of
3202,0.03604922949492455,fde,best_of
3203,0.031105085374312315,fde,best_of
3204,0.02766516270313993,fde,best_of
3205,0.03278795631463418,fde,best_of
3206,0.03988695818429007,fde,best_of
3207,0.029617909452137443,fde,best_of
3208,0.027037006777339945,fde,best_of
3209,0.03253403756840222,fde,best_of
3210,0.03643119219281341,fde,best_of
3211,0.02845258017153929,fde,best_of
3212,0.02723604689772905,fde,best_of
3213,0.03260481311455476,fde,best_of
3214,0.03760769751835757,fde,best_of
3215,0.026859918346474904,fde,best_of
3216,0.027226206885065666,fde,best_of
3217,0.03284000868919062,fde,best_of
3218,0.03757204427134191,fde,best_of
3219,0.025887538573883442,fde,best_of
3220,0.026741231293349866,fde,best_of
3221,0.032772769591792046,fde,best_of
3222,0.03746361510297658,fde,best_of
3223,0.024414694588670734,fde,best_of
3224,0.02760252303194415,fde,best_of
3225,0.032495592299702544,fde,best_of
3226,0.03711988479945033,fde,best_of
3227,0.023557219196323965,fde,best_of
3228,0.026936505789159494,fde,best_of
3229,0.032567879139515955,fde,best_of
3230,0.037097267816334,fde,best_of
3231,0.02238284945049802,fde,best_of
3232,0.027268996142802066,fde,best_of
3233,0.03279497991113823,fde,best_of
3234,0.039871902134713706,fde,best_of
3235,0.02261819483948487,fde,best_of
3236,0.027240725215786486,fde,best_of
3237,0.032690416654225396,fde,best_of
3238,0.03655404458397927,fde,best_of
3239,0.02311818123211633,fde,best_of
3240,0.02687053723292051,fde,best_of
3241,0.03242575947859478,fde,best_of
3242,0.03730056833438945,fde,best_of
3243,0.023228922202527834,fde,best_of
3244,0.027547624100125838,fde,best_of
3245,0.15716964040285428,fde,best_of
3246,0.032301022389633775,fde,best_of
3247,0.03717406896902488,fde,best_of
3248,0.023159547380694243,fde,best_of
3249,0.027100719924106283,fde,best_of
3250,0.2903326649997724,fde,best_of
3251,0.032787361726125015,fde,best_of
3252,0.03809300720699774,fde,best_of
3253,0.023196918566145575,fde,best_of
3254,0.02722386953191617,fde,best_of
3255,0.1768821803016137,fde,best_of
3256,0.150276724385281,fde,best_of
3257,0.03266564709224997,fde,best_of
3258,0.0368025563123995,fde,best_of
3259,0.023351064747384517,fde,best_of
3260,0.027216311153620776,fde,best_of
3261,0.07923675247216506,fde,best_of
3262,0.3019497613300678,fde,best_of
3263,0.032420998821459567,fde,best_of
3264,0.036842188903417526,fde,best_of
3265,0.023246671571851917,fde,best_of
3266,0.026908978033822143,fde,best_of
3267,0.2564698059244432,fde,best_of
3268,0.2096434323855225,fde,best_of
3269,0.03229750804308841,fde,best_of
3270,0.04036205775996025,fde,best_of
3271,0.02340926130656823,fde,best_of
3272,0.027666042754794336,fde,best_of
3273,0.25975487366115646,fde,best_of
3274,0.15569001928387008,fde,best_of
3275,0.032745912875303936,fde,best_of
3276,0.034886472084736074,fde,best_of
3277,0.02319641713609298,fde,best_of
3278,0.027043820658042148,fde,best_of
3279,0.08634182092190437,fde,best_of
3280,0.16369501269776518,fde,best_of
3281,0.03172273773912752,fde,best_of
3282,0.042134702689684556,fde,best_of
3283,0.023390149790591074,fde,best_of
3284,0.027198006511502726,fde,best_of
3285,0.13955732119960362,fde,best_of
3286,0.3339677052387589,fde,best_of
3287,0.03153405615724371,fde,best_of
3288,0.045810415558893924,fde,best_of
3289,0.02327552472001329,fde,best_of
3290,0.027382300568075522,fde,best_of
3291,0.04058107236703508,fde,best_of
3292,0.32074071970758417,fde,best_of
3293,0.03145060136464696,fde,best_of
3294,0.04930037858265323,fde,best_of
3295,0.023353554310648998,fde,best_of
3296,0.024803313330006384,fde,best_of
3297,0.14679361848625005,fde,best_of
3298,0.30982437773418353,fde,best_of
3299,0.030342094520801496,fde,best_of
3300,0.045778651522074575,fde,best_of
3301,0.02336908747251755,fde,best_of
3302,0.024559972124321035,fde,best_of
3303,0.2541036599368503,fde,best_of
3304,0.5123641867705866,fde,best_of
3305,0.03087186332363203,fde,best_of
3306,0.04131584543236348,fde,best_of
3307,0.02329345283358324,fde,best_of
3308,0.023601040259412367,fde,best_of
3309,0.30028199703987984,fde,best_of
3310,0.32673626579545434,fde,best_of
3311,0.030539117198832417,fde,best_of
3312,0.03527307488297747,fde,best_of
3313,0.023389111248663254,fde,best_of
3314,0.024435613170064627,fde,best_of
3315,0.11561700308830682,fde,best_of
3316,0.32197184809964474,fde,best_of
3317,0.028940824173940567,fde,best_of
3318,0.030836675236016728,fde,best_of
3319,0.023295278097651785,fde,best_of
3320,0.02407844199866273,fde,best_of
3321,0.19058896789115942,fde,best_of
3322,0.17965646254129033,fde,best_of
3323,0.02792166471765603,fde,best_of
3324,0.027180910252000513,fde,best_of
3325,0.022453567293858882,fde,best_of
3326,0.024529229911208195,fde,best_of
3327,0.1870498847808471,fde,best_of
3328,0.25124865128448076,fde,best_of
3329,0.02727772876274326,fde,best_of
3330,0.024322716262692095,fde,best_of
3331,0.02267629424267311,fde,best_of
3332,0.026351551412986465,fde,best_of
3333,0.2491965825602643,fde,best_of
3334,0.11501006862366724,fde,best_of
3335,0.026572876665413886,fde,best_of
3336,0.021432994562488077,fde,best_of
3337,0.022877213388000105,fde,best_of
3338,0.02589625745001254,fde,best_of
3339,0.22497776261457095,fde,best_of
3340,0.2555688134457866,fde,best_of
3341,0.026383244368256165,fde,best_of
3342,0.017272872930456526,fde,best_of
3343,0.023212713443087722,fde,best_of
3344,0.027377132349808295,fde,best_of
3345,0.024971824291834012,fde,best_of
3346,0.3070989266613245,fde,best_of
3347,0.026215604513537716,fde,best_of
3348,0.01596229143104935,fde,best_of
3349,0.023915005599724672,fde,best_of
3350,0.026502060836436664,fde,best_of
3351,0.3424222316428895,fde,best_of
3352,0.11618722315165364,fde,best_of
3353,0.37515299096742954,fde,best_of
3354,0.025360440388725265,fde,best_of
3355,0.018921184695604068,fde,best_of
3356,0.02386517059702868,fde,best_of
3357,0.020635568473749904,fde,best_of
3358,0.38070798538425,fde,best_of
3359,0.3311782458516905,fde,best_of
3360,0.4167418748157151,fde,best_of
3361,0.027023500336056477,fde,best_of
3362,0.014498300454020055,fde,best_of
3363,0.03346337617385018,fde,best_of
3364,0.016866518566292312,fde,best_of
3365,0.2961401558264351,fde,best_of
3366,0.18082974380276115,fde,best_of
3367,0.07049131598003336,fde,best_of
3368,0.3122303161691665,fde,best_of
3369,0.3584589690210936,fde,best_of
3370,0.023338058874337105,fde,best_of
3371,0.015234871106325397,fde,best_of
3372,0.028193840044802722,fde,best_of
3373,0.025685514080938904,fde,best_of
3374,0.38152151811947216,fde,best_of
3375,0.26786621219558965,fde,best_of
3376,0.4191381668411241,fde,best_of
3377,0.3816582959144303,fde,best_of
3378,0.3878379645458605,fde,best_of
3379,0.02361664770557254,fde,best_of
3380,0.015154032215285777,fde,best_of
3381,0.026196465730651746,fde,best_of
3382,0.027449693807196824,fde,best_of
3383,0.328358903519157,fde,best_of
3384,0.14333759127684287,fde,best_of
3385,0.2668592868550211,fde,best_of
3386,0.9189451401376485,fde,best_of
3387,0.245249573266315,fde,best_of
3388,0.02350943157872287,fde,best_of
3389,0.015348524554738271,fde,best_of
3390,0.02619273958593701,fde,best_of
3391,0.027108903623958656,fde,best_of
3392,0.23777418303965064,fde,best_of
3393,0.28955525614047356,fde,best_of
3394,0.21660687242123658,fde,best_of
3395,0.4846055455182989,fde,best_of
3396,0.38682055471786814,fde,best_of
3397,0.0240227533891958,fde,best_of
3398,0.015088821520592816,fde,best_of
3399,0.02584822595385812,fde,best_of
3400,0.02653792204163879,fde,best_of
3401,0.09172588625308965,fde,best_of
3402,0.2380251853619495,fde,best_of
3403,0.3231577695235033,fde,best_of
3404,0.4526525742178245,fde,best_of
3405,0.025075099354458272,fde,best_of
3406,0.01392951807419673,fde,best_of
3407,0.02553370471787715,fde,best_of
3408,0.026862277183867606,fde,best_of
3409,0.1189754371495689,fde,best_of
3410,0.08893861885373736,fde,best_of
3411,0.209608803475717,fde,best_of
3412,0.29684655312233177,fde,best_of
3413,0.2823172146629431,fde,best_of
3414,0.03676146679398317,fde,best_of
3415,0.01494277867080775,fde,best_of
3416,0.025050908113318275,fde,best_of
3417,0.025346802600863527,fde,best_of
3418,0.0807707395212474,fde,best_of
3419,0.1534923186462853,fde,best_of
3420,0.36665678651747385,fde,best_of
3421,0.2520519460412102,fde,best_of
3422,0.18426476942594955,fde,best_of
3423,0.014573990489780935,fde,best_of
3424,0.014739837700478212,fde,best_of
3425,0.025845574413355245,fde,best_of
3426,0.02730522478235733,fde,best_of
3427,0.0677493023149878,fde,best_of
3428,0.0988137043979696,fde,best_of
3429,0.3311151052686085,fde,best_of
3430,0.4120327128833655,fde,best_of
3431,0.3458039321260504,fde,best_of
3432,0.06399091431750556,fde,best_of
3433,0.015980772678958324,fde,best_of
3434,0.021003312780332746,fde,best_of
3435,0.02699256020350613,fde,best_of
3436,0.052080099734400656,fde,best_of
3437,0.07753213258609111,fde,best_of
3438,0.3132540905617737,fde,best_of
3439,0.14873958933518447,fde,best_of
3440,0.4705357853173039,fde,best_of
3441,0.1850517440266626,fde,best_of
3442,0.13464993082864027,fde,best_of
3443,0.01415725933196842,fde,best_of
3444,0.020294180352772872,fde,best_of
3445,0.031738908838649896,fde,best_of
3446,0.008211676014799628,fde,best_of
3447,0.14906734021235638,fde,best_of
3448,0.19956950025929712,fde,best_of
3449,0.5633345032330203,fde,best_of
3450,0.11230946191787237,fde,best_of
3451,0.1869042066213094,fde,best_of
3452,0.01536897285782418,fde,best_of
3453,0.019787771667224348,fde,best_of
3454,0.02184445776530553,fde,best_of
3455,0.017312915941571083,fde,best_of
3456,0.160982344564862,fde,best_of
3457,0.3398453175703391,fde,best_of
3458,0.41129409338295525,fde,best_of
3459,0.18334627982181625,fde,best_of
3460,0.016612326057081985,fde,best_of
3461,0.0195955665942515,fde,best_of
3462,0.02166461147431485,fde,best_of
3463,0.018474902987509347,fde,best_of
3464,0.12363016352559926,fde,best_of
3465,0.48183593364801536,fde,best_of
3466,0.25682973853205715,fde,best_of
3467,0.19767708464914457,fde,best_of
3468,0.0157256318487937,fde,best_of
3469,0.019375030939505666,fde,best_of
3470,0.02251820645891716,fde,best_of
3471,0.015883265221073556,fde,best_of
3472,0.04736134597175505,fde,best_of
3473,0.3504003310980232,fde,best_of
3474,0.3143847046897212,fde,best_of
3475,0.19699684227263348,fde,best_of
3476,0.014608368875822885,fde,best_of
3477,0.018689629411329563,fde,best_of
3478,0.021981465335512755,fde,best_of
3479,0.01749731224107155,fde,best_of
3480,0.09049587384431165,fde,best_of
3481,0.4149944000524492,fde,best_of
3482,0.8223962597308911,fde,best_of
3483,0.20612236161909422,fde,best_of
3484,0.015105330342813288,fde,best_of
3485,0.018415457447012368,fde,best_of
3486,0.022148424731007327,fde,best_of
3487,0.017427907311631685,fde,best_of
3488,0.06923104735657293,fde,best_of
3489,0.29575520578248105,fde,best_of
3490,0.5080442132211315,fde,best_of
3491,0.2109501139751832,fde,best_of
3492,0.016779003032938285,fde,best_of
3493,0.01867796356605976,fde,best_of
3494,0.022787755530229485,fde,best_of
3495,0.024851358527373014,fde,best_of
3496,0.08585229487555426,fde,best_of
3497,0.2473736326697266,fde,best_of
3498,0.2732745105453346,fde,best_of
3499,0.05521376377044028,fde,best_of
3500,0.017907656029077977,fde,best_of
3501,0.019312450272928192,fde,best_of
3502,0.027170089663667893,fde,best_of
3503,0.025250795497526388,fde,best_of
3504,0.13639396309059448,fde,best_of
3505,0.13888641442854874,fde,best_of
3506,0.1421024370612251,fde,best_of
3507,0.02351066876223806,fde,best_of
3508,0.024186144939909428,fde,best_of
3509,0.028433898463287362,fde,best_of
3510,0.025230789358212963,fde,best_of
3511,0.18371392535109818,fde,best_of
3512,0.37902549154057413,fde,best_of
3513,0.11657338619908958,fde,best_of
3514,0.02404604209385142,fde,best_of
3515,0.023978097808095462,fde,best_of
3516,0.027706772890349306,fde,best_of
3517,0.025491815194481737,fde,best_of
3518,0.06321383888043079,fde,best_of
3519,0.39819449628518927,fde,best_of
3520,0.039752302563864604,fde,best_of
3521,0.03168561061245575,fde,best_of
3522,0.023662699714639957,fde,best_of
3523,0.02744068577541848,fde,best_of
3524,0.024377030200169684,fde,best_of
3525,0.022592039963972927,fde,best_of
3526,0.41455069032398595,fde,best_of
3527,0.31063953351714685,fde,best_of
3528,0.01966152886373625,fde,best_of
3529,0.027242848263184006,fde,best_of
3530,0.02334679220967069,fde,best_of
3531,0.02321055331605756,fde,best_of
3532,0.02284698634146014,fde,best_of
3533,0.09905218850102056,fde,best_of
3534,0.4616234143679556,fde,best_of
3535,0.6576672483446184,fde,best_of
3536,0.03473492803234895,fde,best_of
3537,0.02074552916016131,fde,best_of
3538,0.020422825012031978,fde,best_of
3539,0.017649824249797372,fde,best_of
3540,0.021311136173819044,fde,best_of
3541,0.015384933668248705,fde,best_of
3542,0.1492126652824454,fde,best_of
3543,0.5475129879324537,fde,best_of
3544,0.2037862609636958,fde,best_of
3545,0.036500776159139985,fde,best_of
3546,0.018685355013932176,fde,best_of
3547,0.01762185265643514,fde,best_of
3548,0.01649691502583809,fde,best_of
3549,0.020791549108835596,fde,best_of
3550,0.08938941361351765,fde,best_of
3551,0.31393777473747064,fde,best_of
3552,0.7748853004721328,fde,best_of
3553,0.5282419284377023,fde,best_of
3554,0.14522927347612524,fde,best_of
3555,0.02247737374221752,fde,best_of
3556,0.018102254743724584,fde,best_of
3557,0.01713190643280319,fde,best_of
3558,0.01574842294006266,fde,best_of
3559,0.020582619106879033,fde,best_of
3560,0.08065074848685824,fde,best_of
3561,0.7783875227363993,fde,best_of
3562,0.6682805335614586,fde,best_of
3563,0.5858725442196866,fde,best_of
3564,0.0130024265579745,fde,best_of
3565,0.01839101923081338,fde,best_of
3566,0.017301466779337197,fde,best_of
3567,0.016876495196200002,fde,best_of
3568,0.03297314256806246,fde,best_of
3569,0.07296159372104913,fde,best_of
3570,0.3516689093286017,fde,best_of
3571,0.199164288508495,fde,best_of
3572,0.5728141143894694,fde,best_of
3573,0.019175281655674878,fde,best_of
3574,0.012399241435198495,fde,best_of
3575,0.018157920625185606,fde,best_of
3576,0.017694679453054425,fde,best_of
3577,0.034044365763064244,fde,best_of
3578,0.06145904154863793,fde,best_of
3579,0.5293421510713117,fde,best_of
3580,0.195387289516331,fde,best_of
3581,0.12311071291693754,fde,best_of
3582,1.6355575125573174,fde,best_of
3583,0.018826226649235858,fde,best_of
3584,0.013885232611053613,fde,best_of
3585,0.01926696675844476,fde,best_of
3586,0.01925203478617302,fde,best_of
3587,0.03469270890784932,fde,best_of
3588,0.1544040750089884,fde,best_of
3589,0.5196888736549334,fde,best_of
3590,0.30277439735767586,fde,best_of
3591,0.5684150232199066,fde,best_of
3592,2.196806034843256,fde,best_of
3593,0.014255800319001085,fde,best_of
3594,0.014676936909076488,fde,best_of
3595,0.01989214941003873,fde,best_of
3596,0.020156317112717717,fde,best_of
3597,0.03533880471235265,fde,best_of
3598,0.1384994484137636,fde,best_of
3599,0.2851775054536032,fde,best_of
3600,0.23343459775057185,fde,best_of
3601,0.7827479122009454,fde,best_of
3602,2.2392974398801857,fde,best_of
3603,0.015376841078191018,fde,best_of
3604,0.014182709209008527,fde,best_of
3605,0.018905857494225936,fde,best_of
3606,0.019266889182344763,fde,best_of
3607,0.03507115893772549,fde,best_of
3608,0.10600367361547806,fde,best_of
3609,0.30868938664399026,fde,best_of
3610,0.19517859138229118,fde,best_of
3611,0.9818966818423962,fde,best_of
3612,1.1591008131314848,fde,best_of
3613,0.01053550094965044,fde,best_of
3614,0.013620633244099647,fde,best_of
3615,0.01798018863394525,fde,best_of
3616,0.019699952245457092,fde,best_of
3617,0.03446753558969811,fde,best_of
3618,0.08444159323973344,fde,best_of
3619,0.3445800814274419,fde,best_of
3620,0.7306432952312749,fde,best_of
3621,1.3633775078707593,fde,best_of
3622,0.019164816565157908,fde,best_of
3623,0.013731839494733855,fde,best_of
3624,0.01718589302191229,fde,best_of
3625,0.027005005296298845,fde,best_of
3626,0.03338972842077062,fde,best_of
3627,0.09554138399705814,fde,best_of
3628,0.7384469585471658,fde,best_of
3629,0.9145654650253754,fde,best_of
3630,0.024376173110240807,fde,best_of
3631,0.018308919397151163,fde,best_of
3632,0.016394919158048336,fde,best_of
3633,0.02729343992754088,fde,best_of
3634,0.025699453060248303,fde,best_of
3635,0.11401986601419023,fde,best_of
3636,0.7466677292145082,fde,best_of
3637,0.6261454239735744,fde,best_of
3638,0.024330450581010667,fde,best_of
3639,0.02278168725074673,fde,best_of
3640,0.023481658131116214,fde,best_of
3641,0.027317270318300193,fde,best_of
3642,0.02245061719143804,fde,best_of
3643,0.1463068515431442,fde,best_of
3644,0.3623628492363583,fde,best_of
3645,0.2989388803459839,fde,best_of
3646,0.024334896056421813,fde,best_of
3647,0.02290006025606592,fde,best_of
3648,0.02336932506328275,fde,best_of
3649,0.02657196406901951,fde,best_of
3650,0.017717172914391753,fde,best_of
3651,0.1675041738867572,fde,best_of
3652,0.44604418758248926,fde,best_of
3653,0.48550354804052676,fde,best_of
3654,0.024304040360132558,fde,best_of
3655,0.022799648211250034,fde,best_of
3656,0.023443802453896868,fde,best_of
3657,0.027757928984864167,fde,best_of
3658,0.017884026398673942,fde,best_of
3659,0.22071858540346428,fde,best_of
3660,0.24152008356117607,fde,best_of
3661,0.4889553781676652,fde,best_of
3662,0.0240350899169428,fde,best_of
3663,0.029171627965099204,fde,best_of
3664,0.023453297455290192,fde,best_of
3665,0.026972593014210462,fde,best_of
3666,0.018228123830056845,fde,best_of
3667,0.23657581390558538,fde,best_of
3668,0.14190453655885907,fde,best_of
3669,0.42890211855629745,fde,best_of
3670,0.0330973080289382,fde,best_of
3671,0.03197529149782526,fde,best_of
3672,0.032615527522095705,fde,best_of
3673,0.027224644694880937,fde,best_of
3674,0.016290631247503948,fde,best_of
3675,0.28726813345582103,fde,best_of
3676,0.34734675712907714,fde,best_of
3677,0.33950435741969864,fde,best_of
3678,0.032608553665080225,fde,best_of
3679,0.03210595546626624,fde,best_of
3680,0.033038673278168,fde,best_of
3681,0.03725639516520007,fde,best_of
3682,0.016384966563888173,fde,best_of
3683,0.31350897689208357,fde,best_of
3684,0.2361115751666074,fde,best_of
3685,0.1625679935198048,fde,best_of
3686,0.022395396205499817,fde,best_of
3687,0.031000314027989757,fde,best_of
3688,0.03217682381259046,fde,best_of
3689,0.028290629760453642,fde,best_of
3690,0.017272393193274515,fde,best_of
3691,0.2744054326295709,fde,best_of
3692,0.11448033928784201,fde,best_of
3693,0.25392279778988136,fde,best_of
3694,0.02211764263685179,fde,best_of
3695,0.022740244613131524,fde,best_of
3696,0.032153416291200734,fde,best_of
3697,0.02910026939800936,fde,best_of
3698,0.0191217607853216,fde,best_of
3699,0.29226793367065995,fde,best_of
3700,0.17531205266751515,fde,best_of
3701,0.41680322115738483,fde,best_of
3702,0.013031565202549281,fde,best_of
3703,0.016276256994859076,fde,best_of
3704,0.027400051982157534,fde,best_of
3705,0.022865230341698878,fde,best_of
3706,0.020265454531468798,fde,best_of
3707,0.1793132271202649,fde,best_of
3708,0.3205944751798309,fde,best_of
3709,0.5377404125298212,fde,best_of
3710,0.5092975419325824,fde,best_of
3711,0.013323439308420875,fde,best_of
3712,0.016504270840402492,fde,best_of
3713,0.02732981556548813,fde,best_of
3714,0.023339302878752872,fde,best_of
3715,0.11008606954630581,fde,best_of
3716,0.27270419770997356,fde,best_of
3717,0.29732464803675523,fde,best_of
3718,0.16986124814825337,fde,best_of
3719,0.5526305211349961,fde,best_of
3720,0.2273796587577372,fde,best_of
3721,0.013373630548561753,fde,best_of
3722,0.020049738192178774,fde,best_of
3723,0.024161400180223863,fde,best_of
3724,0.023386377440479965,fde,best_of
3725,0.25085545046757307,fde,best_of
3726,0.20187308108212335,fde,best_of
3727,0.24176973777671165,fde,best_of
3728,0.1960364202276609,fde,best_of
3729,0.2668354339457966,fde,best_of
3730,0.22626956857306518,fde,best_of
3731,0.02176730724533908,fde,best_of
3732,0.028916495247092326,fde,best_of
3733,0.016851825104501058,fde,best_of
3734,0.023006405498150532,fde,best_of
3735,0.32380968696188805,fde,best_of
3736,0.24509377417778888,fde,best_of
3737,0.37932672647564303,fde,best_of
3738,0.15202431929445642,fde,best_of
3739,0.14989386980697136,fde,best_of
3740,0.17689791815639952,fde,best_of
3741,0.02184925286569616,fde,best_of
3742,0.028937273079564514,fde,best_of
3743,0.017211714881653517,fde,best_of
3744,0.023872603789823678,fde,best_of
3745,0.2333418300975179,fde,best_of
3746,0.4090845578867288,fde,best_of
3747,0.3507066545519083,fde,best_of
3748,0.04356571727270038,fde,best_of
3749,0.17112318929303927,fde,best_of
3750,0.08242186914923277,fde,best_of
3751,0.021734147171406905,fde,best_of
3752,0.029451125831719806,fde,best_of
3753,0.017842776976643538,fde,best_of
3754,0.01579648694152801,fde,best_of
3755,0.2999700537659471,fde,best_of
3756,0.31979340874715234,fde,best_of
3757,0.4299891344375624,fde,best_of
3758,0.3824537993507871,fde,best_of
3759,0.337678186083563,fde,best_of
3760,0.11161845022304513,fde,best_of
3761,0.02214732496781917,fde,best_of
3762,0.025743733042802443,fde,best_of
3763,0.017427971200314817,fde,best_of
3764,0.016558047331139247,fde,best_of
3765,0.4582506814882222,fde,best_of
3766,0.12090788929136431,fde,best_of
3767,0.32910166978369243,fde,best_of
3768,0.44598268322029266,fde,best_of
3769,0.3006389686485512,fde,best_of
3770,0.01777727228800335,fde,best_of
3771,0.019753085771940695,fde,best_of
3772,0.01725240492044581,fde,best_of
3773,0.017598240768651713,fde,best_of
3774,0.5261579035931638,fde,best_of
3775,0.15397298829941916,fde,best_of
3776,0.4419178057044566,fde,best_of
3777,0.23828251845340703,fde,best_of
3778,0.024363341022393917,fde,best_of
3779,0.01827318900596767,fde,best_of
3780,0.016326944981091975,fde,best_of
3781,0.02690947315761293,fde,best_of
3782,0.5171273106706687,fde,best_of
3783,0.14614006328514503,fde,best_of
3784,0.6180887347425466,fde,best_of
3785,0.48698781091734383,fde,best_of
3786,0.35037443088338294,fde,best_of
3787,0.024036563286719083,fde,best_of
3788,0.024292937098447952,fde,best_of
3789,0.023349568025871893,fde,best_of
3790,0.02769278447468478,fde,best_of
3791,0.39547382926303143,fde,best_of
3792,0.33713329927363783,fde,best_of
3793,0.08245800154699763,fde,best_of
3794,0.6077286717565018,fde,best_of
3795,0.07095019225912035,fde,best_of
3796,0.02467547549880342,fde,best_of
3797,0.023804095026383663,fde,best_of
3798,0.02349075126618879,fde,best_of
3799,0.02698799682637927,fde,best_of
3800,0.29309852487937277,fde,best_of
3801,0.18518527085322956,fde,best_of
3802,0.302262691436556,fde,best_of
3803,1.0042257736652678,fde,best_of
3804,0.5625664883641442,fde,best_of
3805,0.024514853610230466,fde,best_of
3806,0.024787060499842892,fde,best_of
3807,0.023378980807526657,fde,best_of
3808,0.02722968430488717,fde,best_of
3809,0.2550726748324844,fde,best_of
3810,0.3923058004980873,fde,best_of
3811,0.5908051995183264,fde,best_of
3812,1.1091159374473705,fde,best_of
3813,0.5123819698830802,fde,best_of
3814,0.024231214200472258,fde,best_of
3815,0.024787018944669507,fde,best_of
3816,0.023452530757977035,fde,best_of
3817,0.027370988353233497,fde,best_of
3818,0.1345338771793279,fde,best_of
3819,0.341520364856431,fde,best_of
3820,0.5797390349077789,fde,best_of
3821,0.26418969069738385,fde,best_of
3822,0.016773160473561435,fde,best_of
3823,0.025133288410748515,fde,best_of
3824,0.02346185286633058,fde,best_of
3825,0.02706226764780547,fde,best_of
3826,0.34408600982537796,fde,best_of
3827,0.3353997252435644,fde,best_of
3828,0.27517862853113695,fde,best_of
3829,0.4266495055591392,fde,best_of
3830,0.009755850065006864,fde,best_of
3831,0.018521692523627783,fde,best_of
3832,0.023392799507144173,fde,best_of
3833,0.012819942719743073,fde,best_of
3834,0.15095715163988313,fde,best_of
3835,0.44100132764347877,fde,best_of
3836,0.14123613401820853,fde,best_of
3837,0.46261844865699026,fde,best_of
3838,0.35557945472472596,fde,best_of
3839,0.29905798998022864,fde,best_of
3840,0.006051102191025841,fde,best_of
3841,0.007737745857353832,fde,best_of
3842,0.023487760713299555,fde,best_of
3843,0.010665678887291077,fde,best_of
3844,0.21552959800985685,fde,best_of
3845,0.479595378626546,fde,best_of
3846,0.42101506385532456,fde,best_of
3847,0.19708491042340207,fde,best_of
3848,0.10237576580420944,fde,best_of
3849,0.3007267137022108,fde,best_of
3850,0.009290007561949582,fde,best_of
3851,0.00724514776680647,fde,best_of
3852,0.01511176813574159,fde,best_of
3853,0.012885607097413302,fde,best_of
3854,0.19096560251005987,fde,best_of
3855,0.8198799333248642,fde,best_of
3856,0.3905347146211935,fde,best_of
3857,0.18580858640088427,fde,best_of
3858,0.24540661425724022,fde,best_of
3859,0.35861646506486994,fde,best_of
3860,0.4572767572444717,fde,best_of
3861,0.01189115129454164,fde,best_of
3862,0.010531488213374117,fde,best_of
3863,0.01648916174933191,fde,best_of
3864,0.015743110442617034,fde,best_of
3865,0.33322961559140407,fde,best_of
3866,0.7722008122153041,fde,best_of
3867,0.3465997082536569,fde,best_of
3868,0.30452458607475935,fde,best_of
3869,0.3388012313981609,fde,best_of
3870,0.27527417722353803,fde,best_of
3871,0.39894866240087024,fde,best_of
3872,0.6413861270745113,fde,best_of
3873,0.013790588834547635,fde,best_of
3874,0.012898975618306333,fde,best_of
3875,0.02034722788270317,fde,best_of
3876,0.017909523006483737,fde,best_of
3877,0.463265132884455,fde,best_of
3878,0.8594347579814355,fde,best_of
3879,0.20440441997928308,fde,best_of
3880,0.15533864644142428,fde,best_of
3881,0.27654981214114244,fde,best_of
3882,0.5579448452199159,fde,best_of
3883,0.36022463871191074,fde,best_of
3884,0.40443195977637275,fde,best_of
3885,0.014486406083698757,fde,best_of
3886,0.014265928970874097,fde,best_of
3887,0.020902451747516936,fde,best_of
3888,0.018050067585817328,fde,best_of
3889,0.44384294835617305,fde,best_of
3890,0.7074115151091673,fde,best_of
3891,0.3456190905563555,fde,best_of
3892,0.24925969663870126,fde,best_of
3893,0.2302882404861906,fde,best_of
3894,0.16710132302454914,fde,best_of
3895,0.6703570311196773,fde,best_of
3896,0.5349389855000085,fde,best_of
3897,0.017177886921870295,fde,best_of
3898,0.014814497083187795,fde,best_of
3899,0.02126987347355269,fde,best_of
3900,0.01763407791195297,fde,best_of
3901,1.1390476969027494,fde,best_of
3902,0.6351269239385771,fde,best_of
3903,0.5246144624446728,fde,best_of
3904,0.11943917126621356,fde,best_of
3905,0.31725952863553214,fde,best_of
3906,0.4214076944517747,fde,best_of
3907,0.7329693237277095,fde,best_of
3908,0.44495753004965793,fde,best_of
3909,0.017809196670889767,fde,best_of
3910,0.01521768594613204,fde,best_of
3911,0.022453697950244912,fde,best_of
3912,0.019132885194156946,fde,best_of
3913,1.6989446879140158,fde,best_of
3914,0.6319535868504419,fde,best_of
3915,0.34744008277980265,fde,best_of
3916,0.15001887869916294,fde,best_of
3917,0.5148051399319216,fde,best_of
3918,0.503483873884809,fde,best_of
3919,0.7101156529925017,fde,best_of
3920,0.5466646279126663,fde,best_of
3921,0.015074088074523238,fde,best_of
3922,0.015667689038216623,fde,best_of
3923,0.02330136536335452,fde,best_of
3924,0.020124455885006984,fde,best_of
3925,0.3507020505240191,fde,best_of
3926,0.2600121253764799,fde,best_of
3927,0.3942802487518885,fde,best_of
3928,0.31597801606520043,fde,best_of
3929,0.38416560232400293,fde,best_of
3930,0.42176722474328693,fde,best_of
3931,0.39187610057320676,fde,best_of
3932,0.5524517070996879,fde,best_of
3933,0.014627681033772579,fde,best_of
3934,0.015357148235722318,fde,best_of
3935,0.023275119905526435,fde,best_of
3936,0.02082503811621703,fde,best_of
3937,0.33790113379198583,fde,best_of
3938,0.26433765586718827,fde,best_of
3939,0.3605889069007813,fde,best_of
3940,0.5003031037578919,fde,best_of
3941,0.29772815302711164,fde,best_of
3942,0.28511499690778946,fde,best_of
3943,0.1229126757807797,fde,best_of
3944,0.15961677255082468,fde,best_of
3945,0.014269713874525773,fde,best_of
3946,0.013761279625455529,fde,best_of
3947,0.022051427947374868,fde,best_of
3948,0.021461119737204954,fde,best_of
3949,0.36796147198022977,fde,best_of
3950,0.300408508613486,fde,best_of
3951,0.062321902877160607,fde,best_of
3952,0.5273328523577187,fde,best_of
3953,0.19416065948430533,fde,best_of
3954,0.6106853753709494,fde,best_of
3955,0.25420604783882417,fde,best_of
3956,0.01344589554681617,fde,best_of
3957,0.012400248124086707,fde,best_of
3958,0.02103090537325882,fde,best_of
3959,0.02111467060686359,fde,best_of
3960,0.4044363773553359,fde,best_of
3961,0.20532686906814465,fde,best_of
3962,0.33467096187277545,fde,best_of
3963,0.1807659640060471,fde,best_of
3964,0.44409730877593834,fde,best_of
3965,0.015096220412098052,fde,best_of
3966,0.013243655835599498,fde,best_of
3967,0.021673907442709497,fde,best_of
3968,0.024156413402708292,fde,best_of
3969,0.4104343783063802,fde,best_of
3970,0.1280648941364339,fde,best_of
3971,0.17488762548271516,fde,best_of
3972,0.5754191993205006,fde,best_of
3973,0.20485868462205697,fde,best_of
3974,0.020868830541383707,fde,best_of
3975,0.016818656497365317,fde,best_of
3976,0.024340248478377447,fde,best_of
3977,0.027141210263152107,fde,best_of
3978,0.4083056688647319,fde,best_of
3979,0.1861210387393742,fde,best_of
3980,0.5970646016066375,fde,best_of
3981,0.20939900389218627,fde,best_of
3982,0.015096149259538316,fde,best_of
3983,0.01979228478511042,fde,best_of
3984,0.02522681605452007,fde,best_of
3985,0.023610374855028617,fde,best_of
3986,0.235355927463235,fde,best_of
3987,0.15211524296691994,fde,best_of
3988,0.6590484541054252,fde,best_of
3989,0.19903909955540117,fde,best_of
3990,0.18674021958386258,fde,best_of
3991,0.24686074089861892,fde,best_of
3992,0.013794084992843365,fde,best_of
3993,0.02050466974272726,fde,best_of
3994,0.024859513016189345,fde,best_of
3995,0.022212849721790988,fde,best_of
3996,0.5177184239055855,fde,best_of
3997,0.2057203386686801,fde,best_of
3998,0.41571924283453454,fde,best_of
3999,0.06413602846146434,fde,best_of
4000,0.35886119273368494,fde,best_of
4001,0.29703400837325766,fde,best_of
4002,0.01881779708949857,fde,best_of
4003,0.01906623881051438,fde,best_of
4004,0.025228872944148238,fde,best_of
4005,0.018691271460502996,fde,best_of
4006,0.5802228639696976,fde,best_of
4007,0.24523280818897378,fde,best_of
4008,0.13487139149687533,fde,best_of
4009,0.2581578226289861,fde,best_of
4010,0.08008119788230621,fde,best_of
4011,0.12632651337008693,fde,best_of
4012,0.019350247682075862,fde,best_of
4013,0.017428798663473848,fde,best_of
4014,0.022092591452969025,fde,best_of
4015,0.02030718539453953,fde,best_of
4016,0.22883920845270522,fde,best_of
4017,0.2077820806272978,fde,best_of
4018,0.30361598340847096,fde,best_of
4019,0.2567406669241537,fde,best_of
4020,0.15759587754745463,fde,best_of
4021,0.1113169307805342,fde,best_of
4022,0.018860019610007352,fde,best_of
4023,0.01888398513507518,fde,best_of
4024,0.0205139947512717,fde,best_of
4025,0.01967442358646973,fde,best_of
4026,0.2238150145602668,fde,best_of
4027,0.15468794754590673,fde,best_of
4028,0.37819154086375967,fde,best_of
4029,0.24975199413305138,fde,best_of
4030,0.2557155279115863,fde,best_of
4031,0.06766845149739413,fde,best_of
4032,0.018669243663285793,fde,best_of
4033,0.018686147379817105,fde,best_of
4034,0.019519188272724718,fde,best_of
4035,0.02891679531613911,fde,best_of
4036,0.29286578224884174,fde,best_of
4037,0.2663791135126551,fde,best_of
4038,0.5684414371831338,fde,best_of
4039,0.19035482415416544,fde,best_of
4040,0.2089062250547231,fde,best_of
4041,0.030304286425543593,fde,best_of
4042,0.14426746689427478,fde,best_of
4043,0.01927327707626092,fde,best_of
4044,0.018919830498686344,fde,best_of
4045,0.01887451206516424,fde,best_of
4046,0.029527052706485066,fde,best_of
4047,0.32858354445433485,fde,best_of
4048,0.1750894454883336,fde,best_of
4049,0.396713358467185,fde,best_of
4050,0.1597087033262024,fde,best_of
4051,0.1560291978840467,fde,best_of
4052,0.048664814949936124,fde,best_of
4053,0.19331616687228084,fde,best_of
4054,0.4915005600163627,fde,best_of
4055,0.019621774043198256,fde,best_of
4056,0.01915418795398629,fde,best_of
4057,0.018847757311501463,fde,best_of
4058,0.02468128344288986,fde,best_of
4059,0.42115095672396413,fde,best_of
4060,0.2146145896937759,fde,best_of
4061,0.26447791926372843,fde,best_of
4062,0.2412971695677201,fde,best_of
4063,0.09044188816563624,fde,best_of
4064,0.07340269234021676,fde,best_of
4065,0.18660303351404703,fde,best_of
4066,0.21499984138130213,fde,best_of
4067,0.020110948333141174,fde,best_of
4068,0.013890328177970139,fde,best_of
4069,0.01870664741624581,fde,best_of
4070,0.025385973867199898,fde,best_of
4071,0.31219308376481253,fde,best_of
4072,0.22519419201113078,fde,best_of
4073,0.7944397110827003,fde,best_of
4074,0.15167330845867644,fde,best_of
4075,0.13452589202310203,fde,best_of
4076,0.127440416463209,fde,best_of
4077,0.21311383107337054,fde,best_of
4078,0.37877799727015005,fde,best_of
4079,0.01929913550265795,fde,best_of
4080,0.013469749563619385,fde,best_of
4081,0.0189194679379996,fde,best_of
4082,0.015820021153730383,fde,best_of
4083,0.711080968977618,fde,best_of
4084,0.27010177934937657,fde,best_of
4085,1.1528985126483744,fde,best_of
4086,0.2917717828662609,fde,best_of
4087,0.40364623870142563,fde,best_of
4088,0.2810258515843585,fde,best_of
4089,0.2767694111213006,fde,best_of
4090,0.24412456442443245,fde,best_of
4091,0.23597998318240027,fde,best_of
4092,0.16663489795508168,fde,best_of
4093,0.01853628781710353,fde,best_of
4094,0.012213333716028488,fde,best_of
4095,0.018275045476573624,fde,best_of
4096,0.01439190234394741,fde,best_of
4097,1.4037439095102136,fde,best_of
4098,0.18875102503358154,fde,best_of
4099,1.174134901796181,fde,best_of
4100,0.30161833125402926,fde,best_of
4101,0.27121195285740757,fde,best_of
4102,0.4774192733294104,fde,best_of
4103,0.1621584319848399,fde,best_of
4104,0.14315485796178537,fde,best_of
4105,0.2989611400247993,fde,best_of
4106,0.34964924292227473,fde,best_of
4107,0.017060896824347464,fde,best_of
4108,0.013972431427918963,fde,best_of
4109,0.018294963550682844,fde,best_of
4110,0.014087932934497248,fde,best_of
4111,1.035838768564623,fde,best_of
4112,0.18651728436604922,fde,best_of
4113,1.602089218803714,fde,best_of
4114,0.19558885462055,fde,best_of
4115,0.0632119478735068,fde,best_of
4116,0.578225047540659,fde,best_of
4117,0.2554061868677302,fde,best_of
4118,0.2729762891289731,fde,best_of
4119,0.5114661251621383,fde,best_of
4120,1.0048200615466114,fde,best_of
4121,0.011464046367206342,fde,best_of
4122,0.01788760724656268,fde,best_of
4123,0.0266489245919867,fde,best_of
4124,0.016909229279202766,fde,best_of
4125,1.1865830186042512,fde,best_of
4126,0.19895000558916479,fde,best_of
4127,1.4591562120535015,fde,best_of
4128,0.431493082310117,fde,best_of
4129,0.5170389552657336,fde,best_of
4130,0.1241614769235189,fde,best_of
4131,0.14928384888155355,fde,best_of
4132,0.766771750243093,fde,best_of
4133,1.260811567168595,fde,best_of
4134,0.02185277573732829,fde,best_of
4135,0.022010183505962407,fde,best_of
4136,0.03311318779485673,fde,best_of
4137,0.025992663825506686,fde,best_of
4138,0.14101680746382012,fde,best_of
4139,0.7821560443765322,fde,best_of
4140,0.33289655801385715,fde,best_of
4141,0.37068046464232496,fde,best_of
4142,0.11985922617435599,fde,best_of
4143,0.4367225619211813,fde,best_of
4144,1.5579748931379092,fde,best_of
4145,0.03152846135095999,fde,best_of
4146,0.03655389262561007,fde,best_of
4147,0.0345362895010659,fde,best_of
4148,0.03814588861603135,fde,best_of
4149,0.7388524027589408,fde,best_of
4150,0.37959905523160076,fde,best_of
4151,0.5896739361302119,fde,best_of
4152,0.21684014317897918,fde,best_of
4153,0.6553061974402234,fde,best_of
4154,0.02485499802538479,fde,best_of
4155,0.03720866412081849,fde,best_of
4156,0.03606104851922508,fde,best_of
4157,0.03859774165933763,fde,best_of
4158,0.32519101916761944,fde,best_of
4159,0.12867857516701395,fde,best_of
4160,0.5399194838819341,fde,best_of
4161,0.3224042045247506,fde,best_of
4162,0.5126519206289576,fde,best_of
4163,0.2151695242811219,fde,best_of
4164,0.32024623879346303,fde,best_of
4165,0.22019235251615238,fde,best_of
4166,0.020042906464289544,fde,best_of
4167,0.03168068225701381,fde,best_of
4168,0.03884856640972656,fde,best_of
4169,0.03973089552862026,fde,best_of
4170,0.4864528988740463,fde,best_of
4171,0.16322413332675417,fde,best_of
4172,0.5573384472032209,fde,best_of
4173,0.37398115011176764,fde,best_of
4174,0.30249789707226166,fde,best_of
4175,0.32458000868046755,fde,best_of
4176,0.15641720821712693,fde,best_of
4177,0.11788488951804837,fde,best_of
4178,0.02874877034403221,fde,best_of
4179,0.03021196484743818,fde,best_of
4180,0.04402395338485767,fde,best_of
4181,0.03740022639956229,fde,best_of
4182,0.580185340284285,fde,best_of
4183,0.3941568424441857,fde,best_of
4184,0.46364639096069105,fde,best_of
4185,0.49663744213779404,fde,best_of
4186,0.3610123147988329,fde,best_of
4187,0.6214951281699359,fde,best_of
4188,0.02439398433144562,fde,best_of
4189,0.026524339657408698,fde,best_of
4190,0.040943992185307934,fde,best_of
4191,0.035043361617781286,fde,best_of
4192,0.40956890415519015,fde,best_of
4193,0.45558781936304993,fde,best_of
4194,0.3363315601466734,fde,best_of
4195,0.27511813865923573,fde,best_of
4196,0.5036623170203934,fde,best_of
4197,0.6876140342199718,fde,best_of
4198,0.018965260354314784,fde,best_of
4199,0.022060328037128683,fde,best_of
4200,0.03725228616647966,fde,best_of
4201,0.030767545377248066,fde,best_of
4202,0.5533150057973363,fde,best_of
4203,0.2095679922047698,fde,best_of
4204,0.09522661356296838,fde,best_of
4205,0.35414432023581927,fde,best_of
4206,0.5672189381535148,fde,best_of
4207,0.01729060071365639,fde,best_of
4208,0.019553885402786613,fde,best_of
4209,0.03547269601164384,fde,best_of
4210,0.030340813894271648,fde,best_of
4211,0.4975844072964959,fde,best_of
4212,0.39841032625946116,fde,best_of
4213,0.29237194669128297,fde,best_of
4214,0.21070409309306545,fde,best_of
4215,0.6202658866678209,fde,best_of
4216,0.018315001826890945,fde,best_of
4217,0.019620708530989968,fde,best_of
4218,0.03466413148145478,fde,best_of
4219,0.031043182031501623,fde,best_of
4220,0.42583830173232995,fde,best_of
4221,0.17822121541172234,fde,best_of
4222,0.28181118168771213,fde,best_of
4223,0.19498908330142045,fde,best_of
4224,0.19643319497611075,fde,best_of
4225,0.020871918176401466,fde,best_of
4226,0.02114972957695772,fde,best_of
4227,0.03392040682608762,fde,best_of
4228,0.03220845432489983,fde,best_of
4229,0.3333360447665357,fde,best_of
4230,0.4263772263194278,fde,best_of
4231,0.06947784710723393,fde,best_of
4232,0.46411243443427835,fde,best_of
4233,0.13746471994494136,fde,best_of
4234,0.02201174525851571,fde,best_of
4235,0.022441309086247595,fde,best_of
4236,0.029321071211021905,fde,best_of
4237,0.03169765983774959,fde,best_of
4238,0.4452669760353879,fde,best_of
4239,0.4553684097002983,fde,best_of
4240,0.2446820894764832,fde,best_of
4241,0.2438019360110193,fde,best_of
4242,0.434756471997012,fde,best_of
4243,0.02159880391740435,fde,best_of
4244,0.022353813809353723,fde,best_of
4245,0.029903623577782444,fde,best_of
4246,0.0305421998861492,fde,best_of
4247,0.0924534349712002,fde,best_of
4248,0.20365501492538635,fde,best_of
4249,0.36466454026951883,fde,best_of
4250,0.47052189872278,fde,best_of
4251,0.6218244417279023,fde,best_of
4252,0.02108117420513752,fde,best_of
4253,0.021526109435809255,fde,best_of
4254,0.029407890375695685,fde,best_of
4255,0.028996712607728573,fde,best_of
4256,0.4048503184167479,fde,best_of
4257,0.1281302075475142,fde,best_of
4258,0.2813487607790007,fde,best_of
4259,0.35132761225551057,fde,best_of
4260,0.2901811062550824,fde,best_of
4261,0.020380648703998677,fde,best_of
4262,0.020435840533611225,fde,best_of
4263,0.02919807127077533,fde,best_of
4264,0.028864947732730746,fde,best_of
4265,0.7175026851283468,fde,best_of
4266,0.3370810207073246,fde,best_of
4267,0.45828873023462796,fde,best_of
4268,0.36609394866281864,fde,best_of
4269,0.3274444730400543,fde,best_of
4270,0.02370823265377869,fde,best_of
4271,0.020869828492263386,fde,best_of
4272,0.030596956465626705,fde,best_of
4273,0.030737551479081915,fde,best_of
4274,0.3883424328639908,fde,best_of
4275,0.3006718845256121,fde,best_of
4276,0.24794045978478144,fde,best_of
4277,0.3585801855508967,fde,best_of
4278,0.06402543271561703,fde,best_of
4279,0.024952446342377022,fde,best_of
4280,0.02395072468956906,fde,best_of
4281,0.021636036050706707,fde,best_of
4282,0.03651653318592446,fde,best_of
4283,0.14057179510791432,fde,best_of
4284,0.3428076594011574,fde,best_of
4285,0.2710753647807566,fde,best_of
4286,0.4384110015365917,fde,best_of
4287,0.1064976670268717,fde,best_of
4288,0.03781540163775066,fde,best_of
4289,0.025994097045571516,fde,best_of
4290,0.02031402735555252,fde,best_of
4291,0.0378978254605388,fde,best_of
4292,0.28558017180039735,fde,best_of
4293,0.32104779681129936,fde,best_of
4294,0.25199941210183446,fde,best_of
4295,0.4223355084532823,fde,best_of
4296,0.16990433313806116,fde,best_of
4297,0.03805163342880806,fde,best_of
4298,0.022758778924257952,fde,best_of
4299,0.023488168125535263,fde,best_of
4300,0.02328066771791085,fde,best_of
4301,0.48314876201964757,fde,best_of
4302,0.40090685853423214,fde,best_of
4303,0.133167700396555,fde,best_of
4304,0.10297124889314564,fde,best_of
4305,0.4118599643985166,fde,best_of
4306,0.02437155242224304,fde,best_of
4307,0.03042362583119218,fde,best_of
4308,0.03079161408734364,fde,best_of
4309,0.023125330512201153,fde,best_of
4310,0.33198241164068554,fde,best_of
4311,0.38751603388144973,fde,best_of
4312,0.22257493533017786,fde,best_of
4313,0.011082221101469975,fde,best_of
4314,0.49123132489850607,fde,best_of
4315,0.03269448399230806,fde,best_of
4316,0.030069223669695794,fde,best_of
4317,0.030787250459120688,fde,best_of
4318,0.023172198896852948,fde,best_of
4319,0.1869242144138185,fde,best_of
4320,0.36618635902273505,fde,best_of
4321,0.03807807012365274,fde,best_of
4322,0.1901806570253301,fde,best_of
4323,0.4240808728573576,fde,best_of
4324,0.03205855509497541,fde,best_of
4325,0.029682077804955544,fde,best_of
4326,0.030597337106006383,fde,best_of
4327,0.03132812474926072,fde,best_of
4328,0.0613995719188934,fde,best_of
4329,0.3957712990380963,fde,best_of
4330,0.031616262377932934,fde,best_of
4331,0.029468446533327027,fde,best_of
4332,0.030624056159754793,fde,best_of
4333,0.03077381384485259,fde,best_of
4334,0.4490350261263805,fde,best_of
4335,0.030467377308004404,fde,best_of
4336,0.028703946776541665,fde,best_of
4337,0.030148537563806307,fde,best_of
4338,0.03036545753959532,fde,best_of
4339,0.1301815385448567,fde,best_of
4340,0.03050328676077218,fde,best_of
4341,0.02809671264870052,fde,best_of
4342,0.029943570589291264,fde,best_of
4343,0.02966613716885785,fde,best_of
4344,0.14023144316385242,fde,best_of
4345,0.3301886960015851,fde,best_of
4346,0.03019049503649513,fde,best_of
4347,0.028363039979243915,fde,best_of
4348,0.030138270680502774,fde,best_of
4349,0.029686183874100047,fde,best_of
4350,0.16567534329496467,fde,best_of
4351,0.4243496273365071,fde,best_of
4352,0.030349666927833297,fde,best_of
4353,0.02875902555547357,fde,best_of
4354,0.030656074354150215,fde,best_of
4355,0.029855760671107307,fde,best_of
4356,0.12716060824844364,fde,best_of
4357,0.15971172579243073,fde,best_of
4358,0.030031000553427854,fde,best_of
4359,0.037052286837990396,fde,best_of
4360,0.03984619820541176,fde,best_of
4361,0.029629359524837327,fde,best_of
4362,0.09100611806945688,fde,best_of
4363,0.02802817598252212,fde,best_of
4364,0.03824610366141141,fde,best_of
4365,0.03650435450241662,fde,best_of
4366,0.03956610441592286,fde,best_of
4367,0.02950677049279232,fde,best_of
4368,0.27621370261511435,fde,best_of
4369,0.03782742557626445,fde,best_of
4370,0.03663196880756094,fde,best_of
4371,0.04026068727186421,fde,best_of
4372,0.03856725871535422,fde,best_of
4373,0.13065379347777445,fde,best_of
4374,0.03756518236068419,fde,best_of
4375,0.037054447067186684,fde,best_of
4376,0.03315765136602668,fde,best_of
4377,0.03887994819122054,fde,best_of
4378,0.1679808240909959,fde,best_of
4379,0.037799610696035525,fde,best_of
4380,0.03700104447931314,fde,best_of
4381,0.03291473521907917,fde,best_of
4382,0.038625867781179345,fde,best_of
4383,0.17803292888559719,fde,best_of
4384,0.03663175029037768,fde,best_of
4385,0.02960134995927118,fde,best_of
4386,0.032021019673542775,fde,best_of
4387,0.031332848358177845,fde,best_of
4388,0.12379955803207042,fde,best_of
4389,0.03023278014456693,fde,best_of
4390,0.028867899342547416,fde,best_of
4391,0.031640951019170284,fde,best_of
4392,0.03058168260397672,fde,best_of
4393,0.25442023729364815,fde,best_of
4394,0.029692718016996442,fde,best_of
4395,0.028418584899803,fde,best_of
4396,0.023402730569103112,fde,best_of
4397,0.030278657678792627,fde,best_of
4398,0.3733901727791444,fde,best_of
4399,0.029752542473898903,fde,best_of
4400,0.02873643932434836,fde,best_of
4401,0.023480137308190704,fde,best_of
4402,0.023207406761779414,fde,best_of
4403,0.3387628663347689,fde,best_of
4404,0.030318938068172728,fde,best_of
4405,0.02943583243857686,fde,best_of
4406,0.023487429622833733,fde,best_of
4407,0.02320895582384789,fde,best_of
4408,0.2569405914925039,fde,best_of
4409,0.030022218751627673,fde,best_of
4410,0.022731500168548458,fde,best_of
4411,0.023409269608636946,fde,best_of
4412,0.023204035256363255,fde,best_of
4413,0.2153566054638382,fde,best_of
4414,0.024633790805115633,fde,best_of
4415,0.022581664459858153,fde,best_of
4416,0.02350917046778095,fde,best_of
4417,0.0232061245895952,fde,best_of
4418,0.4410954517553745,fde,best_of
4419,0.024472760385858258,fde,best_of
4420,0.02272927067010313,fde,best_of
4421,0.023419252850411357,fde,best_of
4422,0.023210460874783786,fde,best_of
4423,0.30138098262687807,fde,best_of
4424,0.02430274780150079,fde,best_of
4425,0.022750785373489853,fde,best_of
4426,0.02350307587131547,fde,best_of
4427,0.02320638541330106,fde,best_of
4428,0.301632513947673,fde,best_of
4429,0.7384466405201603,fde,best_of
4430,0.014737743854872132,fde,best_of
4431,0.02265789369640022,fde,best_of
4432,0.023375896940929845,fde,best_of
4433,0.015492441590758764,fde,best_of
4434,0.2548028195767682,fde,best_of
4435,0.9139842133124043,fde,best_of
4436,0.007412475608345433,fde,best_of
4437,0.01408095065768899,fde,best_of
4438,0.023518634091937315,fde,best_of
4439,0.012447564380628015,fde,best_of
4440,0.3623618153353601,fde,best_of
4441,0.7113817506501323,fde,best_of
4442,0.008431607882442743,fde,best_of
4443,0.008121718127830736,fde,best_of
4444,0.01798669847812691,fde,best_of
4445,0.01363208160949551,fde,best_of
4446,0.24877844844350955,fde,best_of
4447,0.17115914228413653,fde,best_of
4448,0.195726817943756,fde,best_of
4449,0.009114462476257548,fde,best_of
4450,0.008670191839429419,fde,best_of
4451,0.0161477106998812,fde,best_of
4452,0.014464810947070935,fde,best_of
4453,0.30886138036351113,fde,best_of
4454,0.4132645884771577,fde,best_of
4455,0.19084961378306298,fde,best_of
4456,0.013080797023643675,fde,best_of
4457,0.01295158692110013,fde,best_of
4458,0.016597157826055184,fde,best_of
4459,0.01511424930840059,fde,best_of
4460,0.8620103564356226,fde,best_of
4461,0.2753029676686834,fde,best_of
4462,0.027834528538055132,fde,best_of
4463,0.015650813562358774,fde,best_of
4464,0.015527822188115558,fde,best_of
4465,0.018247670289444972,fde,best_of
4466,0.01634162165820597,fde,best_of
4467,0.7382675471738825,fde,best_of
4468,0.3026369538350362,fde,best_of
4469,0.6346506814503968,fde,best_of
4470,0.01734249115604231,fde,best_of
4471,0.01700238333897079,fde,best_of
4472,0.0188737482889672,fde,best_of
4473,0.01694058697312842,fde,best_of
4474,0.6551236040498664,fde,best_of
4475,0.3030132286873953,fde,best_of
4476,0.11836551846381058,fde,best_of
4477,0.018074360934265486,fde,best_of
4478,0.011699569047625622,fde,best_of
4479,0.01871021333311221,fde,best_of
4480,0.016698314109553494,fde,best_of
4481,0.37361501765881366,fde,best_of
4482,0.13048095761071246,fde,best_of
4483,0.01894879373286564,fde,best_of
4484,0.012194600681492421,fde,best_of
4485,0.019165138089570693,fde,best_of
4486,0.017052217846597415,fde,best_of
4487,0.4277909029413875,fde,best_of
4488,0.2319903666353873,fde,best_of
4489,0.013902586887103352,fde,best_of
4490,0.012638122518344955,fde,best_of
4491,0.01914997886131061,fde,best_of
4492,0.017436848469907434,fde,best_of
4493,0.49378629213746517,fde,best_of
4494,0.5369191581211668,fde,best_of
4495,0.3916457569019155,fde,best_of
4496,0.014481527652838251,fde,best_of
4497,0.012694750926934026,fde,best_of
4498,0.01851073636013972,fde,best_of
4499,0.017723837821211955,fde,best_of
4500,0.4122036882723561,fde,best_of
4501,0.02464958237610799,fde,best_of
4502,0.01256154779037951,fde,best_of
4503,0.01743813506325534,fde,best_of
4504,0.023203590974390047,fde,best_of
4505,0.44142837438904553,fde,best_of
4506,0.13409131363249538,fde,best_of
4507,0.024574927656133186,fde,best_of
4508,0.02265194271364962,fde,best_of
4509,0.023482724062628295,fde,best_of
4510,0.023205967938128732,fde,best_of
4511,0.3403949632863498,fde,best_of
4512,0.47683346640298235,fde,best_of
4513,0.024200968576330122,fde,best_of
4514,0.02270836463141401,fde,best_of
4515,0.023490818158002306,fde,best_of
4516,0.023208532426833694,fde,best_of
4517,0.1798015712732913,fde,best_of
4518,0.40500416182016663,fde,best_of
4519,0.024452505321459407,fde,best_of
4520,0.02273490130475965,fde,best_of
4521,0.023416770954408958,fde,best_of
4522,0.023207635600652,fde,best_of
4523,0.1790460894025615,fde,best_of
4524,0.18450633663821092,fde,best_of
4525,0.3885599828144995,fde,best_of
4526,0.30089224068388476,fde,best_of
4527,0.024185920134455925,fde,best_of
4528,0.031014885297602948,fde,best_of
4529,0.02351454211870738,fde,best_of
4530,0.023207615379841586,fde,best_of
4531,0.13331410360478538,fde,best_of
4532,0.05201705028125135,fde,best_of
4533,0.4286359787130104,fde,best_of
4534,0.35810082554620576,fde,best_of
4535,0.17805650191631114,fde,best_of
4536,0.6796841509552756,fde,best_of
4537,0.22577680341663828,fde,best_of
4538,0.025773943187860984,fde,best_of
4539,0.031013479128116066,fde,best_of
4540,0.03212688593914277,fde,best_of
4541,0.023208946900542107,fde,best_of
4542,0.05678404961315066,fde,best_of
4543,0.17330105423784228,fde,best_of
4544,0.20074517168265166,fde,best_of
4545,0.43023786555258436,fde,best_of
4546,0.17855336160708163,fde,best_of
4547,0.5568092649950624,fde,best_of
4548,0.19141494239110327,fde,best_of
4549,0.02512881648324527,fde,best_of
4550,0.02410770050662433,fde,best_of
4551,0.03280177129482979,fde,best_of
4552,0.027977275554079847,fde,best_of
4553,0.19638321858362712,fde,best_of
4554,0.27442658164692524,fde,best_of
4555,0.1553140735557466,fde,best_of
4556,0.4090124427473439,fde,best_of
4557,0.21555387454444486,fde,best_of
4558,0.27073819108446967,fde,best_of
4559,0.5088464650119062,fde,best_of
4560,0.032328247839652845,fde,best_of
4561,0.03079410707708103,fde,best_of
4562,0.029159010919822575,fde,best_of
4563,0.02768631515716434,fde,best_of
4564,0.1576174272527602,fde,best_of
4565,0.19973630616283677,fde,best_of
4566,0.229121466953533,fde,best_of
4567,0.18286931166602372,fde,best_of
4568,0.14145605653615315,fde,best_of
4569,0.23886951546570834,fde,best_of
4570,0.15482173096441332,fde,best_of
4571,0.2333312607425204,fde,best_of
4572,0.032559030384231025,fde,best_of
4573,0.03164122953879765,fde,best_of
4574,0.029639945344693185,fde,best_of
4575,0.027805481623860744,fde,best_of
4576,0.24991871733113052,fde,best_of
4577,0.26464518791494246,fde,best_of
4578,0.15141361655208008,fde,best_of
4579,0.19434408008576934,fde,best_of
4580,0.22954766920727532,fde,best_of
4581,0.19149113001436702,fde,best_of
4582,0.4268157590725163,fde,best_of
4583,0.28901611099247365,fde,best_of
4584,0.03363017632035238,fde,best_of
4585,0.041628352291383015,fde,best_of
4586,0.019423974070651846,fde,best_of
4587,0.028664394824702098,fde,best_of
4588,0.4036160382476987,fde,best_of
4589,0.03087228578414766,fde,best_of
4590,0.1439031683741379,fde,best_of
4591,0.15505557188476585,fde,best_of
4592,0.4739776451466338,fde,best_of
4593,0.2890644467750642,fde,best_of
4594,0.8161979923335845,fde,best_of
4595,0.1646304918535371,fde,best_of
4596,0.04286322828177829,fde,best_of
4597,0.04246348015512987,fde,best_of
4598,0.020010309638074836,fde,best_of
4599,0.01907072379479981,fde,best_of
4600,0.38028427919130403,fde,best_of
4601,0.3190640882521767,fde,best_of
4602,0.3625637904982084,fde,best_of
4603,0.2005322111680546,fde,best_of
4604,0.4061492078414217,fde,best_of
4605,0.24631687278124448,fde,best_of
4606,0.8712696054155237,fde,best_of
4607,0.25140806670373317,fde,best_of
4608,0.04134114673972208,fde,best_of
4609,0.04196137189846175,fde,best_of
4610,0.020016737977582674,fde,best_of
4611,0.019367534644388867,fde,best_of
4612,0.34373520866069635,fde,best_of
4613,0.29184140431231576,fde,best_of
4614,0.05544133890498188,fde,best_of
4615,0.2688188281301847,fde,best_of
4616,0.3552090305437073,fde,best_of
4617,1.1650530478958938,fde,best_of
4618,0.23921857962474352,fde,best_of
4619,0.04071300791191455,fde,best_of
4620,0.04120005667049364,fde,best_of
4621,0.019697811075455634,fde,best_of
4622,0.019221433790273,fde,best_of
4623,0.2683693396396726,fde,best_of
4624,0.283736861796262,fde,best_of
4625,0.3743755308204835,fde,best_of
4626,0.23873534926975057,fde,best_of
4627,0.2872913471684446,fde,best_of
4628,1.108981622195846,fde,best_of
4629,0.10747734247706175,fde,best_of
4630,0.040440503760120795,fde,best_of
4631,0.033615026780169414,fde,best_of
4632,0.030046449100343663,fde,best_of
4633,0.019399088257431907,fde,best_of
4634,0.4531003904823947,fde,best_of
4635,0.017816153869886272,fde,best_of
4636,0.7546393582717911,fde,best_of
4637,0.34758341924678393,fde,best_of
4638,0.32174838511976794,fde,best_of
4639,0.5000819185974968,fde,best_of
4640,0.18991195825788368,fde,best_of
4641,0.041153237104052935,fde,best_of
4642,0.03366042581931874,fde,best_of
4643,0.030270588255431437,fde,best_of
4644,0.020025025548287972,fde,best_of
4645,0.19163008472881865,fde,best_of
4646,0.5280860580032675,fde,best_of
4647,0.441842124759199,fde,best_of
4648,0.3301684341278194,fde,best_of
4649,0.6484747555422237,fde,best_of
4650,0.2674368786917045,fde,best_of
4651,0.03481661009698893,fde,best_of
4652,0.026158645438906933,fde,best_of
4653,0.030583696580394053,fde,best_of
4654,0.03111904991501567,fde,best_of
4655,0.20247078140016492,fde,best_of
4656,0.2286127674671287,fde,best_of
4657,0.36128015081483705,fde,best_of
4658,0.18034217282529216,fde,best_of
4659,0.5092086814140777,fde,best_of
4660,0.3827813905554763,fde,best_of
4661,0.028184181086231736,fde,best_of
4662,0.025751469414721978,fde,best_of
4663,0.029868809538683937,fde,best_of
4664,0.03220991225510057,fde,best_of
4665,0.4093581407869236,fde,best_of
4666,0.2542585476990966,fde,best_of
4667,0.4607711592677219,fde,best_of
4668,0.17155146045081554,fde,best_of
4669,0.40868515074937145,fde,best_of
4670,0.26571322212767906,fde,best_of
4671,0.03123305777013767,fde,best_of
4672,0.02973995073645432,fde,best_of
4673,0.029355203909580647,fde,best_of
4674,0.03160551444286483,fde,best_of
4675,0.20830198269575598,fde,best_of
4676,0.1539167229023909,fde,best_of
4677,0.17038833870850284,fde,best_of
4678,0.20642703339908042,fde,best_of
4679,0.1589777425232182,fde,best_of
4680,0.03574533357839458,fde,best_of
4681,0.029159976156491567,fde,best_of
4682,0.032237432677607473,fde,best_of
4683,0.031186377543699136,fde,best_of
4684,0.18684562914958358,fde,best_of
4685,0.3018680087765479,fde,best_of
4686,0.17713776731148942,fde,best_of
4687,0.04745173070508494,fde,best_of
4688,0.25918203210420976,fde,best_of
4689,0.035396117646703404,fde,best_of
4690,0.02882364311016851,fde,best_of
4691,0.023486101577802936,fde,best_of
4692,0.030918578658851635,fde,best_of
4693,0.18173517303784406,fde,best_of
4694,0.5340415598406684,fde,best_of
4695,0.23747123711902235,fde,best_of
4696,0.40235157478805944,fde,best_of
4697,0.2580538446363156,fde,best_of
4698,0.034230336695501684,fde,best_of
4699,0.02873402034788887,fde,best_of
4700,0.02349411569101451,fde,best_of
4701,0.02320818425098325,fde,best_of
4702,0.5368823099416071,fde,best_of
4703,0.6483268329132789,fde,best_of
4704,0.08353044366679432,fde,best_of
4705,0.5495229970206448,fde,best_of
4706,0.14666705054013077,fde,best_of
4707,0.34132100312439456,fde,best_of
4708,0.034118213796572455,fde,best_of
4709,0.029028295795286752,fde,best_of
4710,0.023420327389825465,fde,best_of
4711,0.023207514926546383,fde,best_of
4712,0.43247639746193184,fde,best_of
4713,0.4946308384917354,fde,best_of
4714,0.15167799511714075,fde,best_of
4715,0.6089891381693084,fde,best_of
4716,0.1980145516622931,fde,best_of
4717,0.3006240810951596,fde,best_of
4718,0.229814151083403,fde,best_of
4719,0.025548027920584925,fde,best_of
4720,0.02737910242325582,fde,best_of
4721,0.023516972435687667,fde,best_of
4722,0.019554928726233024,fde,best_of
4723,0.12241988593112244,fde,best_of
4724,0.2808050084039104,fde,best_of
4725,0.1584900600833433,fde,best_of
4726,0.6670295257912469,fde,best_of
4727,0.3632650821843763,fde,best_of
4728,0.4534802299082018,fde,best_of
4729,0.18971421501518207,fde,best_of
4730,0.024339192796733286,fde,best_of
4731,0.015624413399836222,fde,best_of
4732,0.023424893956240422,fde,best_of
4733,0.01925820332043785,fde,best_of
4734,0.20669126737959334,fde,best_of
4735,0.5515477716034549,fde,best_of
4736,0.26506578810392234,fde,best_of
4737,0.4913438734393137,fde,best_of
4738,0.19303663182578013,fde,best_of
4739,0.013085700271477747,fde,best_of
4740,0.014045499095216591,fde,best_of
4741,0.021665411409600637,fde,best_of
4742,0.018459110689118464,fde,best_of
4743,0.14900874123096977,fde,best_of
4744,0.4344650481269188,fde,best_of
4745,0.40795093785505904,fde,best_of
4746,0.283696739238102,fde,best_of
4747,0.012317245022041746,fde,best_of
4748,0.013098365707938492,fde,best_of
4749,0.020813744104020402,fde,best_of
4750,0.018351180813452758,fde,best_of
4751,0.25058089022514235,fde,best_of
4752,0.5412931426788389,fde,best_of
4753,0.07846404851293198,fde,best_of
4754,0.24689173557631244,fde,best_of
4755,0.01328776326533084,fde,best_of
4756,0.012662287129881608,fde,best_of
4757,0.021609538229901415,fde,best_of
4758,0.01875403230340974,fde,best_of
4759,0.35929844516945064,fde,best_of
4760,0.020767365820318795,fde,best_of
4761,0.2864202821150496,fde,best_of
4762,0.012633527840862127,fde,best_of
4763,0.012067321035047695,fde,best_of
4764,0.020676508203995372,fde,best_of
4765,0.018511193824339876,fde,best_of
4766,0.5204026727686893,fde,best_of
4767,0.18701965527237766,fde,best_of
4768,0.13749287245103012,fde,best_of
4769,0.012284327252261033,fde,best_of
4770,0.011353836559284472,fde,best_of
4771,0.01977659402671715,fde,best_of
4772,0.017949338082371567,fde,best_of
4773,0.22886170351074006,fde,best_of
4774,0.2542482286083716,fde,best_of
4775,0.3071644503262771,fde,best_of
4776,0.012237487763685512,fde,best_of
4777,0.011273656433242789,fde,best_of
4778,0.019160581296390186,fde,best_of
4779,0.01776878852499205,fde,best_of
4780,0.2912155967248605,fde,best_of
4781,0.44364820471931715,fde,best_of
4782,0.3026398884254851,fde,best_of
4783,0.01264117726076281,fde,best_of
4784,0.01143709015758077,fde,best_of
4785,0.019208877377627463,fde,best_of
4786,0.0190326872585968,fde,best_of
4787,0.2572740451067889,fde,best_of
4788,0.5499885835569884,fde,best_of
4789,0.3068455336069299,fde,best_of
4790,0.01357527937147924,fde,best_of
4791,0.011985582192504493,fde,best_of
4792,0.019543533102407,fde,best_of
4793,0.01956410687407344,fde,best_of
4794,0.053160763584429935,fde,best_of
4795,0.6596572641517815,fde,best_of
4796,0.3358649886781215,fde,best_of
4797,0.018342285441223717,fde,best_of
4798,0.016317445436686773,fde,best_of
4799,0.019487157741081004,fde,best_of
4800,0.023206368619132247,fde,best_of
4801,0.303598659328716,fde,best_of
4802,0.7917770981591018,fde,best_of
4803,0.2029746159949774,fde,best_of
4804,0.024783061377872718,fde,best_of
4805,0.01585166495324965,fde,best_of
4806,0.01894216192559562,fde,best_of
4807,0.02320707614677432,fde,best_of
4808,0.2702669514433958,fde,best_of
4809,0.33687150083653167,fde,best_of
4810,0.16267961519049834,fde,best_of
4811,0.024377635472794847,fde,best_of
4812,0.02272995643201417,fde,best_of
4813,0.02338963076629234,fde,best_of
4814,0.023211372348068977,fde,best_of
4815,0.2438296940449406,fde,best_of
4816,0.15345361729744514,fde,best_of
4817,0.2739500220259587,fde,best_of
4818,0.024470294991574767,fde,best_of
4819,0.022749023231925847,fde,best_of
4820,0.023524304143131988,fde,best_of
4821,0.0232046585537133,fde,best_of
4822,0.1066089803395639,fde,best_of
4823,0.18782678894192942,fde,best_of
4824,0.19107393542975382,fde,best_of
4825,0.024283331000228895,fde,best_of
4826,0.02265381983918884,fde,best_of
4827,0.023413825917902392,fde,best_of
4828,0.02320313915363647,fde,best_of
4829,0.13320589207853056,fde,best_of
4830,0.2686670580475049,fde,best_of
4831,0.024261145340360175,fde,best_of
4832,0.022681483290476083,fde,best_of
4833,0.023493339342564777,fde,best_of
4834,0.02320945764934734,fde,best_of
4835,0.23623584670051143,fde,best_of
4836,0.024429874484466606,fde,best_of
4837,0.022655425002179513,fde,best_of
4838,0.023499668524492062,fde,best_of
4839,0.023209887497911263,fde,best_of
4840,0.15889974063976506,fde,best_of
4841,0.023940468395948468,fde,best_of
4842,0.02277402678648107,fde,best_of
4843,0.02342289497978888,fde,best_of
4844,0.023206268569846908,fde,best_of
4845,0.20198609789817903,fde,best_of
4846,0.0247828638093284,fde,best_of
4847,0.02266028864189569,fde,best_of
4848,0.023519670929941762,fde,best_of
4849,0.023205149193612957,fde,best_of
4850,0.05671242384454659,fde,best_of
4851,0.024365944357071886,fde,best_of
4852,0.02265449870353688,fde,best_of
4853,0.02342906084144497,fde,best_of
4854,0.023208896549691525,fde,best_of
4855,0.02939823445841867,fde,best_of
4856,0.024386174999593953,fde,best_of
4857,0.02270906432074618,fde,best_of
4858,0.023517452472115518,fde,best_of
4859,0.02320960908698807,fde,best_of
4860,0.03993364029344133,fde,best_of
4861,0.024372486999252197,fde,best_of
4862,0.022735597176759433,fde,best_of
4863,0.02338857913526692,fde,best_of
4864,0.023208295801188935,fde,best_of
4865,0.06076881748113629,fde,best_of
4866,0.024298942162197995,fde,best_of
4867,0.022581369077038168,fde,best_of
4868,0.02352732577458501,fde,best_of
4869,0.023206117377043003,fde,best_of
4870,0.058485350519957936,fde,best_of
4871,0.03862194028856906,fde,best_of
4872,0.024361908128891576,fde,best_of
4873,0.022725317708713038,fde,best_of
4874,0.02341929018911795,fde,best_of
4875,0.023206821305465808,fde,best_of
4876,0.034795827234278494,fde,best_of
4877,0.06889881662718629,fde,best_of
4878,0.02403724508284365,fde,best_of
4879,0.022750237813702123,fde,best_of
4880,0.023492651579596017,fde,best_of
4881,0.0232068326331044,fde,best_of
4882,0.047112487859715196,fde,best_of
4883,0.05194964416929241,fde,best_of
4884,0.02471331263788548,fde,best_of
4885,0.022656080760318213,fde,best_of
4886,0.023497387859776585,fde,best_of
4887,0.023205544332257362,fde,best_of
4888,0.046470951135509884,fde,best_of
4889,0.06989552742030469,fde,best_of
4890,0.02439192626685079,fde,best_of
4891,0.022681439346413097,fde,best_of
4892,0.02342773574626523,fde,best_of
4893,0.02320902906447408,fde,best_of
4894,0.04687816693801491,fde,best_of
4895,0.07264014341178839,fde,best_of
4896,0.024392540901998827,fde,best_of
4897,0.022654967245097014,fde,best_of
4898,0.02352593808845196,fde,best_of
4899,0.023209721558200617,fde,best_of
4900,0.04531767962521273,fde,best_of
4901,0.07487449774044404,fde,best_of
4902,0.024345418963373368,fde,best_of
4903,0.02277418827858325,fde,best_of
4904,0.02342826112433227,fde,best_of
4905,0.023206310159125117,fde,best_of
4906,0.04515828063750086,fde,best_of
4907,0.07367739621830802,fde,best_of
4908,0.024262644488549822,fde,best_of
4909,0.02266011227861945,fde,best_of
4910,0.02351535613546238,fde,best_of
4911,0.023205137124350888,fde,best_of
4912,0.035920797176850316,fde,best_of
4913,0.07655862075108039,fde,best_of
4914,0.016288270903454867,fde,best_of
4915,0.022655736805976875,fde,best_of
4916,0.023392420332373813,fde,best_of
4917,0.023210355023958483,fde,best_of
4918,0.041645911069783,fde,best_of
4919,0.07707874647982481,fde,best_of
4920,0.009167657141006088,fde,best_of
4921,0.011086747545751723,fde,best_of
4922,0.023531218693454304,fde,best_of
4923,0.012414905721222525,fde,best_of
4924,0.04188143797894968,fde,best_of
4925,0.07964321945196788,fde,best_of
4926,0.2899927048675119,fde,best_of
4927,0.008282185832573336,fde,best_of
4928,0.009447546247297765,fde,best_of
4929,0.01886787039820087,fde,best_of
4930,0.011809081638038177,fde,best_of
4931,0.04174574247547075,fde,best_of
4932,0.047434006757642366,fde,best_of
4933,0.24420666609431507,fde,best_of
4934,0.2732365994522958,fde,best_of
4935,0.007559368545813826,fde,best_of
4936,0.007820520703801778,fde,best_of
4937,0.016214538218961443,fde,best_of
4938,0.011924198841815857,fde,best_of
4939,0.04166845717439938,fde,best_of
4940,0.05613247797152219,fde,best_of
4941,0.13769186799680452,fde,best_of
4942,0.11967463743866613,fde,best_of
4943,0.007882048938373068,fde,best_of
4944,0.007727233445845822,fde,best_of
4945,0.015924752620638156,fde,best_of
4946,0.012971301050625505,fde,best_of
4947,0.04181310874636735,fde,best_of
4948,0.059598354638170245,fde,best_of
4949,0.1367990537427373,fde,best_of
4950,0.27295332208342815,fde,best_of
4951,0.009806460892751287,fde,best_of
4952,0.009117757203394578,fde,best_of
4953,0.016970085231685597,fde,best_of
4954,0.014783861996614455,fde,best_of
4955,0.04181876479459881,fde,best_of
4956,0.05757037622829331,fde,best_of
4957,0.15770734805069114,fde,best_of
4958,0.25247113858816916,fde,best_of
4959,0.011048662035551205,fde,best_of
4960,0.010658437773747422,fde,best_of
4961,0.01791415814533411,fde,best_of
4962,0.016058550547792746,fde,best_of
4963,0.041907117527833396,fde,best_of
4964,0.06432388378886923,fde,best_of
4965,0.19095902779808188,fde,best_of
4966,0.1105336905320967,fde,best_of
4967,0.011366855248947799,fde,best_of
4968,0.010865055085236039,fde,best_of
4969,0.018159739570597352,fde,best_of
4970,0.016271717556625966,fde,best_of
4971,0.04172435552518365,fde,best_of
4972,0.056137075887541826,fde,best_of
4973,0.16982015699430847,fde,best_of
4974,0.31772671752251525,fde,best_of
4975,0.011555812755398466,fde,best_of
4976,0.011062426410491393,fde,best_of
4977,0.018311608160100603,fde,best_of
4978,0.016427120122511376,fde,best_of
4979,0.041650715984442366,fde,best_of
4980,0.05998299118384982,fde,best_of
4981,0.3183805880812782,fde,best_of
4982,0.27744125003878506,fde,best_of
4983,0.012468970571780808,fde,best_of
4984,0.011530848463285013,fde,best_of
4985,0.018589831177914344,fde,best_of
4986,0.016835413067635478,fde,best_of
4987,0.041947779669268465,fde,best_of
4988,0.05377438226213652,fde,best_of
4989,0.11240446314026709,fde,best_of
4990,0.34856608233093084,fde,best_of
4991,0.2767636713621288,fde,best_of
4992,0.01261570231670186,fde,best_of
4993,0.011614762795342118,fde,best_of
4994,0.018431347319450068,fde,best_of
4995,0.01839400418572938,fde,best_of
4996,0.04188813771991449,fde,best_of
4997,0.05506512493466284,fde,best_of
4998,0.07724005383939718,fde,best_of
4999,0.353393821372227,fde,best_of
5000,0.3887196851492424,fde,best_of
5001,0.017589475636569943,fde,best_of
5002,0.011102660527092018,fde,best_of
5003,0.017819830291077088,fde,best_of
5004,0.018725134481633886,fde,best_of
5005,0.042177622704652785,fde,best_of
5006,0.05524687885327003,fde,best_of
5007,0.2313692343714449,fde,best_of
5008,0.32727152475605853,fde,best_of
5009,0.7334802108453063,fde,best_of
5010,0.123227455027276,fde,best_of
5011,0.02436448293137334,fde,best_of
5012,0.015478902325208885,fde,best_of
5013,0.01877981303698976,fde,best_of
5014,0.02320923860255518,fde,best_of
5015,0.04219825657091157,fde,best_of
5016,0.05528665600200187,fde,best_of
5017,0.12748363975061333,fde,best_of
5018,0.25890856982287874,fde,best_of
5019,0.46636853772598696,fde,best_of
5020,0.3336738503376027,fde,best_of
5021,0.024271396649798244,fde,best_of
5022,0.031244377104046896,fde,best_of
5023,0.03074861815357429,fde,best_of
5024,0.02320641112723584,fde,best_of
5025,0.04217079889810448,fde,best_of
5026,0.059494413056908856,fde,best_of
5027,0.16750631744261077,fde,best_of
5028,0.2703531224227406,fde,best_of
5029,0.11587279012904199,fde,best_of
5030,0.18080122674211224,fde,best_of
5031,0.024371715252613,fde,best_of
5032,0.03142527457598388,fde,best_of
5033,0.040092398031147225,fde,best_of
5034,0.02320741132904469,fde,best_of
5035,0.04219344379898518,fde,best_of
5036,0.05552112067995293,fde,best_of
5037,0.2659978868591196,fde,best_of
5038,0.2913572180034853,fde,best_of
5039,0.03358954226509379,fde,best_of
5040,0.040554841942966734,fde,best_of
5041,0.040563878132824714,fde,best_of
5042,0.032278632201891824,fde,best_of
5043,0.04194923397698831,fde,best_of
5044,0.0584512853816126,fde,best_of
5045,0.32691278517264577,fde,best_of
5046,0.16106348380700072,fde,best_of
5047,0.04184413631068319,fde,best_of
5048,0.03973003976455543,fde,best_of
5049,0.040356773122720395,fde,best_of
5050,0.04189747021974828,fde,best_of
5051,0.041818370593444516,fde,best_of
5052,0.16220598658317725,fde,best_of
5053,0.21063083466059804,fde,best_of
5054,0.2912879957188803,fde,best_of
5055,0.04090408650104239,fde,best_of
5056,0.03774851812438671,fde,best_of
5057,0.03925827284078789,fde,best_of
5058,0.040196683344101654,fde,best_of
5059,0.04206108778876154,fde,best_of
5060,0.20580548678767502,fde,best_of
5061,0.37083834411761935,fde,best_of
5062,0.1839769569556368,fde,best_of
5063,0.037487989240083126,fde,best_of
5064,0.03484198652222969,fde,best_of
5065,0.0367279429424627,fde,best_of
5066,0.0373906257042541,fde,best_of
5067,0.04195041623873486,fde,best_of
5068,0.10991726470024821,fde,best_of
5069,0.10338256277778202,fde,best_of
5070,0.2767449878014966,fde,best_of
5071,0.035064665506276786,fde,best_of
5072,0.032338971610508235,fde,best_of
5073,0.03494391564623839,fde,best_of
5074,0.034998244723884187,fde,best_of
5075,0.04220115235075914,fde,best_of
5076,0.2730280750749624,fde,best_of
5077,0.19629825259590916,fde,best_of
5078,0.03365736395522263,fde,best_of
5079,0.031577807529072195,fde,best_of
5080,0.03432416144440187,fde,best_of
5081,0.03404247175975638,fde,best_of
5082,0.042214353946303323,fde,best_of
5083,0.24082643804110068,fde,best_of
5084,0.5368676739568397,fde,best_of
5085,0.033790354692036,fde,best_of
5086,0.031486285125203815,fde,best_of
5087,0.0347984252411437,fde,best_of
5088,0.03410376830713466,fde,best_of
5089,0.0421902537016016,fde,best_of
5090,0.22135274921592285,fde,best_of
5091,0.7766601273630873,fde,best_of
5092,0.032708464897227556,fde,best_of
5093,0.031090718727285343,fde,best_of
5094,0.034595414668696485,fde,best_of
5095,0.03379842310554371,fde,best_of
5096,0.03569095016870798,fde,best_of
5097,0.3648998499898299,fde,best_of
5098,0.6597367620611652,fde,best_of
5099,0.03260037080371198,fde,best_of
5100,0.030468779524972782,fde,best_of
5101,0.03419332177058557,fde,best_of
5102,0.03333066650649377,fde,best_of
5103,0.030029576469136298,fde,best_of
5104,0.33340802172269457,fde,best_of
5105,0.48680312786187263,fde,best_of
5106,0.033195969273139544,fde,best_of
5107,0.0314613316109421,fde,best_of
5108,0.0354181773189713,fde,best_of
5109,0.03405282090347678,fde,best_of
5110,0.029326827121690248,fde,best_of
5111,0.4252912791995229,fde,best_of
5112,0.3522089300144489,fde,best_of
5113,0.03466814064245935,fde,best_of
5114,0.03352506105264236,fde,best_of
5115,0.037407053388740896,fde,best_of
5116,0.03559959444627553,fde,best_of
5117,0.034787828734213586,fde,best_of
5118,0.20925451550946678,fde,best_of
5119,0.3757079237807195,fde,best_of
5120,0.03575804674679931,fde,best_of
5121,0.03476898838610341,fde,best_of
5122,0.039075197830111444,fde,best_of
5123,0.036686126863786736,fde,best_of
5124,0.03901794269618867,fde,best_of
5125,0.2936918653342286,fde,best_of
5126,0.17295274596424953,fde,best_of
5127,0.03614485663974889,fde,best_of
5128,0.03611790541394227,fde,best_of
5129,0.040527527696343796,fde,best_of
5130,0.03789694475984587,fde,best_of
5131,0.04393242331163618,fde,best_of
5132,0.09299692530790879,fde,best_of
5133,0.06406049941365155,fde,best_of
5134,0.03661317541566276,fde,best_of
5135,0.03632713099872741,fde,best_of
5136,0.04145177350722027,fde,best_of
5137,0.03822699051864315,fde,best_of
5138,0.052766395608571035,fde,best_of
5139,0.11420237634681625,fde,best_of
5140,0.09529204822339365,fde,best_of
5141,0.03596969777641585,fde,best_of
5142,0.036478561152624205,fde,best_of
5143,0.04168812377816044,fde,best_of
5144,0.03819113644701988,fde,best_of
5145,0.053065933260043975,fde,best_of
5146,0.06464427944623047,fde,best_of
5147,0.0517777106435667,fde,best_of
5148,0.03847239274269198,fde,best_of
5149,0.03860831283876218,fde,best_of
5150,0.0315017438777987,fde,best_of
5151,0.04009457743845489,fde,best_of
5152,0.05125856042629158,fde,best_of
5153,0.060917986522083155,fde,best_of
5154,0.07764936404570721,fde,best_of
5155,0.03838626394388883,fde,best_of
5156,0.03921809581340387,fde,best_of
5157,0.03129227187611098,fde,best_of
5158,0.04063809591574176,fde,best_of
5159,0.0477433935648781,fde,best_of
5160,0.13123248419439182,fde,best_of
5161,0.1036552230026798,fde,best_of
5162,0.035364021629443965,fde,best_of
5163,0.036094962033886735,fde,best_of
5164,0.03012472933596575,fde,best_of
5165,0.037750393731764455,fde,best_of
5166,0.039175088050093246,fde,best_of
5167,0.038957715629998925,fde,best_of
5168,0.02357038399989109,fde,best_of
5169,0.19087573625855941,fde,best_of
5170,0.03250448637743201,fde,best_of
5171,0.03313295631289793,fde,best_of
5172,0.029318236124400626,fde,best_of
5173,0.03452496044730093,fde,best_of
5174,0.03258325427104918,fde,best_of
5175,0.05067650414304591,fde,best_of
5176,0.012224099835456227,fde,best_of
5177,0.4285379209709775,fde,best_of
5178,0.030009196716287934,fde,best_of
5179,0.031319382757588304,fde,best_of
5180,0.028743926358650616,fde,best_of
5181,0.032643393501665834,fde,best_of
5182,0.04692468827271329,fde,best_of
5183,0.07041197579858022,fde,best_of
5184,0.007792332347901537,fde,best_of
5185,0.3058230061027956,fde,best_of
5186,0.029250775776850004,fde,best_of
5187,0.029856291454562776,fde,best_of
5188,0.02863328045995347,fde,best_of
5189,0.03144802463423432,fde,best_of
5190,0.04006891051227549,fde,best_of
5191,0.02417771206260254,fde,best_of
5192,0.014134440548956006,fde,best_of
5193,0.29693272467982323,fde,best_of
5194,0.027477679861932353,fde,best_of
5195,0.02849852995696602,fde,best_of
5196,0.023400530481568305,fde,best_of
5197,0.030197050725008733,fde,best_of
5198,0.04454021165195165,fde,best_of
5199,0.04935428969801899,fde,best_of
5200,0.021036965997788922,fde,best_of
5201,0.34042221143412593,fde,best_of
5202,0.02684456095591476,fde,best_of
5203,0.027097786045470282,fde,best_of
5204,0.023541788750310953,fde,best_of
5205,0.02893410470001629,fde,best_of
5206,0.040543183287300194,fde,best_of
5207,0.11211798134149749,fde,best_of
5208,0.04705234628899487,fde,best_of
5209,0.22665034547265314,fde,best_of
5210,0.019527169740585066,fde,best_of
5211,0.026055560236560124,fde,best_of
5212,0.023428063557425775,fde,best_of
5213,0.023388043486297718,fde,best_of
5214,0.040479782797231564,fde,best_of
5215,0.18300789175049967,fde,best_of
5216,0.047660364952612354,fde,best_of
5217,0.36400033733051007,fde,best_of
5218,0.01813916966360482,fde,best_of
5219,0.02056091706756544,fde,best_of
5220,0.023500815236732836,fde,best_of
5221,0.0217500381911327,fde,best_of
5222,0.040896198540816206,fde,best_of
5223,0.23410430641265023,fde,best_of
5224,0.0553941881059131,fde,best_of
5225,0.33209647759620725,fde,best_of
5226,0.7046460618226474,fde,best_of
5227,0.017991581536877244,fde,best_of
5228,0.020180118318425103,fde,best_of
5229,0.018145343259651954,fde,best_of
5230,0.021432755167716703,fde,best_of
5231,0.03674061527916962,fde,best_of
5232,0.2461055889407373,fde,best_of
5233,0.05915683298244352,fde,best_of
5234,0.4493303562139437,fde,best_of
5235,0.7338960930607192,fde,best_of
5236,0.017628612319904393,fde,best_of
5237,0.019870490784990404,fde,best_of
5238,0.018218456889430107,fde,best_of
5239,0.022086559573012365,fde,best_of
5240,0.044463972313959516,fde,best_of
5241,0.06763154542014174,fde,best_of
5242,0.06031902282726115,fde,best_of
5243,0.19609944669728632,fde,best_of
5244,0.44964788828666175,fde,best_of
5245,0.01321477375039689,fde,best_of
5246,0.019689841918052953,fde,best_of
5247,0.018639276064139437,fde,best_of
5248,0.01907432308253371,fde,best_of
5249,0.04197534944821663,fde,best_of
5250,0.057339998885415855,fde,best_of
5251,0.06174741474334842,fde,best_of
5252,0.06102751728166297,fde,best_of
5253,0.3339427535694024,fde,best_of
5254,0.2533489002144959,fde,best_of
5255,0.007780431096297061,fde,best_of
5256,0.0148799944471689,fde,best_of
5257,0.019261867753059974,fde,best_of
5258,0.0160305293822402,fde,best_of
5259,0.04046519637785248,fde,best_of
5260,0.1198726080594613,fde,best_of
5261,0.06120134625760529,fde,best_of
5262,0.36530999309340123,fde,best_of
5263,0.07677280940250657,fde,best_of
5264,0.12233715449307977,fde,best_of
5265,0.21008528229894627,fde,best_of
5266,0.0063453428160878044,fde,best_of
5267,0.010822382265756766,fde,best_of
5268,0.01579403804564846,fde,best_of
5269,0.015160934816691618,fde,best_of
5270,0.04001518691036803,fde,best_of
5271,0.013603725578468744,fde,best_of
5272,0.06171289704167589,fde,best_of
5273,0.1832402432505005,fde,best_of
5274,0.35714949100462484,fde,best_of
5275,0.059686958777180596,fde,best_of
5276,0.2706482819744896,fde,best_of
5277,0.00574996383318567,fde,best_of
5278,0.008959135189257913,fde,best_of
5279,0.013273571004839866,fde,best_of
5280,0.014758052326932506,fde,best_of
5281,0.03928256444924551,fde,best_of
5282,0.06086388928528296,fde,best_of
5283,0.06044098683843412,fde,best_of
5284,0.38998153999922774,fde,best_of
5285,0.3351992858409453,fde,best_of
5286,0.48976876417361587,fde,best_of
5287,0.7344108422606548,fde,best_of
5288,0.005756946486062803,fde,best_of
5289,0.007446659121165288,fde,best_of
5290,0.012660431439929148,fde,best_of
5291,0.013842380573671863,fde,best_of
5292,0.04134446266013164,fde,best_of
5293,0.052363109458121136,fde,best_of
5294,0.05740839135452193,fde,best_of
5295,0.6193651314118348,fde,best_of
5296,0.09823270589700529,fde,best_of
5297,0.5359680528600095,fde,best_of
5298,0.970527614654761,fde,best_of
5299,0.00786391963932096,fde,best_of
5300,0.00768851552944243,fde,best_of
5301,0.014261333871945,fde,best_of
5302,0.01570992599871577,fde,best_of
5303,0.03995498335681242,fde,best_of
5304,0.0861683320260791,fde,best_of
5305,0.048904169178635944,fde,best_of
5306,0.4505959515956038,fde,best_of
5307,0.3507603535283766,fde,best_of
5308,0.3057986679788222,fde,best_of
5309,0.5908971585849404,fde,best_of
5310,0.010535145888246724,fde,best_of
5311,0.010350218391038226,fde,best_of
5312,0.01954511777582968,fde,best_of
5313,0.01959800404746825,fde,best_of
5314,0.039048689828998034,fde,best_of
5315,0.11188344564771338,fde,best_of
5316,0.07636105968555952,fde,best_of
5317,0.4549741135955221,fde,best_of
5318,0.3606736829773652,fde,best_of
5319,0.5791079447300974,fde,best_of
5320,0.3269642770968516,fde,best_of
5321,0.01302781665292256,fde,best_of
5322,0.013075762957617322,fde,best_of
5323,0.02246245880507597,fde,best_of
5324,0.022750129040686802,fde,best_of
5325,0.040555050135970064,fde,best_of
5326,0.12636550846703257,fde,best_of
5327,0.09540195400601746,fde,best_of
5328,1.0575201907018326,fde,best_of
5329,0.4081494711468373,fde,best_of
5330,0.4895002379377249,fde,best_of
5331,0.45545210952191517,fde,best_of
5332,0.015495655382128406,fde,best_of
5333,0.015860657255088593,fde,best_of
5334,0.025299458981353374,fde,best_of
5335,0.025344138711778576,fde,best_of
5336,0.039188047410056985,fde,best_of
5337,0.10827228646494079,fde,best_of
5338,0.13928686990081243,fde,best_of
5339,1.6886282955751482,fde,best_of
5340,0.201575493127685,fde,best_of
5341,0.3454628744885469,fde,best_of
5342,0.24385363015186884,fde,best_of
5343,0.01729887588397011,fde,best_of
5344,0.017406906300674343,fde,best_of
5345,0.02660907024237929,fde,best_of
5346,0.02696330030154595,fde,best_of
5347,0.04243274419399484,fde,best_of
5348,0.11854039939846683,fde,best_of
5349,0.17313643539084894,fde,best_of
5350,2.0979069289871624,fde,best_of
5351,0.3265130321321327,fde,best_of
5352,0.4148912308570575,fde,best_of
5353,0.4043676288020847,fde,best_of
5354,0.40813187497480735,fde,best_of
5355,0.2515279380520178,fde,best_of
5356,0.016984147328656576,fde,best_of
5357,0.016798774488918762,fde,best_of
5358,0.026039511506484717,fde,best_of
5359,0.025732189573613628,fde,best_of
5360,0.041146133007327765,fde,best_of
5361,0.14094054617313734,fde,best_of
5362,0.186688924393508,fde,best_of
5363,0.21071117409270954,fde,best_of
5364,0.3024754863113363,fde,best_of
5365,0.28041002793976894,fde,best_of
5366,0.17452686881761179,fde,best_of
5367,0.31762362249682796,fde,best_of
5368,0.01592756953457198,fde,best_of
5369,0.01568628592210745,fde,best_of
5370,0.026167741440702035,fde,best_of
5371,0.058046405669726006,fde,best_of
5372,0.04067603850183456,fde,best_of
5373,0.13869970099678436,fde,best_of
5374,0.19552002665240087,fde,best_of
5375,0.25732497505656116,fde,best_of
5376,0.36660508987131357,fde,best_of
5377,0.34938052053505453,fde,best_of
5378,0.2987183882124225,fde,best_of
5379,0.15180204131858127,fde,best_of
5380,0.0137957754605374,fde,best_of
5381,0.013149538655227272,fde,best_of
5382,0.023929375020095796,fde,best_of
5383,0.09761085319435704,fde,best_of
5384,0.03876126615947383,fde,best_of
5385,0.06774918974615993,fde,best_of
5386,0.19959827880550055,fde,best_of
5387,0.2204825333086897,fde,best_of
5388,0.4538476627313555,fde,best_of
5389,0.2174546803863565,fde,best_of
5390,0.11750303716020857,fde,best_of
5391,0.09560576885982312,fde,best_of
5392,0.012911933547997051,fde,best_of
5393,0.012146175674194012,fde,best_of
5394,0.02263167289042325,fde,best_of
5395,0.10767460646708095,fde,best_of
5396,0.033704547787431656,fde,best_of
5397,0.05717823459766212,fde,best_of
5398,0.2140212364491943,fde,best_of
5399,0.48542326143728903,fde,best_of
5400,0.267571794324822,fde,best_of
5401,0.36210223451400847,fde,best_of
5402,0.22918609037174767,fde,best_of
5403,0.01741126425857457,fde,best_of
5404,0.011960203020365186,fde,best_of
5405,0.02219697633447391,fde,best_of
5406,0.07754095774640675,fde,best_of
5407,0.034800728833049945,fde,best_of
5408,0.06473439184449296,fde,best_of
5409,0.17474171987322576,fde,best_of
5410,0.2677483474939826,fde,best_of
5411,0.2847852696020607,fde,best_of
5412,0.26671425206410054,fde,best_of
5413,0.30065014743786317,fde,best_of
5414,0.02302483977218528,fde,best_of
5415,0.015383542488015035,fde,best_of
5416,0.021766171057461755,fde,best_of
5417,0.0858325379081271,fde,best_of
5418,0.032687684158857394,fde,best_of
5419,0.0648682604391506,fde,best_of
5420,0.14930868929477495,fde,best_of
5421,0.190880678491405,fde,best_of
5422,0.25382494339256356,fde,best_of
5423,0.18630954926386098,fde,best_of
5424,0.25770856616714705,fde,best_of
5425,0.02290115995136895,fde,best_of
5426,0.022928165435733148,fde,best_of
5427,0.02284015117914531,fde,best_of
5428,0.14399232592699657,fde,best_of
5429,0.03265347612731786,fde,best_of
5430,0.060039136676622536,fde,best_of
5431,0.09592547467723067,fde,best_of
5432,0.17102684467519316,fde,best_of
5433,0.16438508908886662,fde,best_of
5434,0.3112252910308262,fde,best_of
5435,0.2541335996767927,fde,best_of
5436,0.023070945363548628,fde,best_of
5437,0.025882421352277384,fde,best_of
5438,0.04379749328508558,fde,best_of
5439,0.213259774368458,fde,best_of
5440,0.035638997207517974,fde,best_of
5441,0.06194645251681406,fde,best_of
5442,0.10831283226762392,fde,best_of
5443,0.004131461502531981,fde,best_of
5444,0.2452681650669743,fde,best_of
5445,0.17034669337178565,fde,best_of
5446,0.029281853102401913,fde,best_of
5447,0.19879624857981074,fde,best_of
5448,0.23813337872535803,fde,best_of
5449,0.3006506514384413,fde,best_of
5450,0.0372092300389215,fde,best_of
5451,0.05873748254071695,fde,best_of
5452,0.08969994601619692,fde,best_of
5453,0.10601567164735422,fde,best_of
5454,0.32863437995428035,fde,best_of
5455,0.17636301049565378,fde,best_of
5456,0.1266372272597213,fde,best_of
5457,0.09652485415375286,fde,best_of
5458,0.08244223174494092,fde,best_of
5459,0.26879699433206855,fde,best_of
5460,0.018911106776250533,fde,best_of
5461,0.06731676448138561,fde,best_of
5462,0.029901758540672743,fde,best_of
5463,0.2835930469026951,fde,best_of
5464,0.18322369379897444,fde,best_of
5465,0.31785345042399293,fde,best_of
5466,0.17303503636313647,fde,best_of
5467,0.39446106335057557,fde,best_of
5468,0.5110107062674729,fde,best_of
5469,0.021092742076579893,fde,best_of
5470,0.06528196525513398,fde,best_of
5471,0.06006384429990299,fde,best_of
5472,0.25001078958510337,fde,best_of
5473,0.09260454559217413,fde,best_of
5474,0.3415272596671476,fde,best_of
5475,0.5036975289088066,fde,best_of
5476,0.6201937402981974,fde,best_of
5477,0.5138251914700509,fde,best_of
5478,0.0244711973107543,fde,best_of
5479,0.07427931224002775,fde,best_of
5480,0.0623240132462645,fde,best_of
5481,0.2570961151145429,fde,best_of
5482,0.25774749840959077,fde,best_of
5483,0.5385779267570727,fde,best_of
5484,0.09589892637427255,fde,best_of
5485,0.8976581295401729,fde,best_of
5486,0.4223679242173377,fde,best_of
5487,0.03031694282476498,fde,best_of
5488,0.05439760104894019,fde,best_of
5489,0.05314861363218849,fde,best_of
5490,0.23180532417776314,fde,best_of
5491,0.33987687932024013,fde,best_of
5492,0.6643596015498926,fde,best_of
5493,0.43173694446215344,fde,best_of
5494,1.3604906354706088,fde,best_of
5495,0.5803829189525719,fde,best_of
5496,0.04152898513280327,fde,best_of
5497,0.060821338305473566,fde,best_of
5498,0.06599617913812686,fde,best_of
5499,0.1334106402309908,fde,best_of
5500,0.2654786337229108,fde,best_of
5501,0.6966808265713832,fde,best_of
5502,0.8588287847677919,fde,best_of
5503,1.851629194699884,fde,best_of
5504,1.0368061271049418,fde,best_of
5505,0.029534665578854098,fde,best_of
5506,0.0926295351451707,fde,best_of
5507,0.09393371724990258,fde,best_of
5508,0.23567302875647728,fde,best_of
5509,0.30668481919462615,fde,best_of
5510,0.989524911060235,fde,best_of
5511,1.283090893387748,fde,best_of
5512,2.3573258027111863,fde,best_of
5513,1.7311131395067747,fde,best_of
5514,0.03814571573830725,fde,best_of
5515,0.1310003363455429,fde,best_of
5516,0.18051827371670015,fde,best_of
5517,0.09818297677641216,fde,best_of
5518,0.2987803666797069,fde,best_of
5519,1.3991669823014807,fde,best_of
5520,1.7070085756313256,fde,best_of
5521,2.880377077814273,fde,best_of
5522,1.8589222974646307,fde,best_of
5523,0.03165846441175167,fde,best_of
5524,0.29597803666169337,fde,best_of
5525,0.33751005536497286,fde,best_of
5526,0.10101156378465942,fde,best_of
5527,0.2133887841031542,fde,best_of
5528,1.7899810224100192,fde,best_of
5529,1.8141833701787868,fde,best_of
5530,2.8520182283114384,fde,best_of
5531,2.2644090399937506,fde,best_of
5532,0.03433299089597393,fde,best_of
5533,0.14593834449847215,fde,best_of
5534,0.24872075012588352,fde,best_of
5535,0.2522189087324312,fde,best_of
5536,0.12755396376791303,fde,best_of
5537,2.154983201251417,fde,best_of
5538,0.4894401400697593,fde,best_of
5539,0.1081348561947914,fde,best_of
5540,2.669937828798037,fde,best_of
5541,0.03460255320865662,fde,best_of
5542,0.3295539663813225,fde,best_of
5543,0.4503923105097669,fde,best_of
5544,0.055146877281498786,fde,best_of
5545,0.2506798516763806,fde,best_of
5546,0.321157394601307,fde,best_of
5547,0.4935810703231836,fde,best_of
5548,0.4807774605798274,fde,best_of
5549,0.5433824073494425,fde,best_of
5550,1.8362859002034033,fde,best_of
5551,0.033238270749898734,fde,best_of
5552,0.5524171786816858,fde,best_of
5553,0.6106215399290889,fde,best_of
5554,0.5187763285325917,fde,best_of
5555,0.5026389506000222,fde,best_of
5556,0.18989811478084687,fde,best_of
5557,0.10697210909882113,fde,best_of
5558,0.6363801673957525,fde,best_of
5559,0.49641976686600797,fde,best_of
5560,1.5617425282794966,fde,best_of
5561,0.03731848275675023,fde,best_of
5562,0.6295389876764567,fde,best_of
5563,0.6324803875237979,fde,best_of
5564,0.5257504648797677,fde,best_of
5565,0.07940290357309109,fde,best_of
5566,0.5437848264241928,fde,best_of
5567,0.36628615903730016,fde,best_of
5568,0.4587658089546479,fde,best_of
5569,0.6168117855690092,fde,best_of
5570,0.03477793574200512,fde,best_of
5571,0.6594844492912163,fde,best_of
5572,0.8545876998748821,fde,best_of
5573,0.4021673204653448,fde,best_of
5574,0.23478023651676594,fde,best_of
5575,0.4332543200890703,fde,best_of
5576,0.18302528784279862,fde,best_of
5577,0.3454404431418851,fde,best_of
5578,0.25282150825673694,fde,best_of
5579,0.036727145048828895,fde,best_of
5580,0.6282150034902843,fde,best_of
5581,1.1410013557265892,fde,best_of
5582,0.30318652615245417,fde,best_of
5583,0.08711679759421875,fde,best_of
5584,0.37239023740164007,fde,best_of
5585,0.35827385653324106,fde,best_of
5586,0.8421087115486866,fde,best_of
5587,0.037218828817074244,fde,best_of
5588,0.7981984787605984,fde,best_of
5589,1.4475043872298303,fde,best_of
5590,0.3292540890411386,fde,best_of
5591,0.5949355628543183,fde,best_of
5592,0.183188386774523,fde,best_of
5593,0.3128080703079682,fde,best_of
5594,0.4057519403497114,fde,best_of
5595,0.5529701876322877,fde,best_of
5596,0.03705095603769863,fde,best_of
5597,0.9393743915147499,fde,best_of
5598,0.7112780883408627,fde,best_of
5599,0.29837403046329986,fde,best_of
5600,0.527931595412528,fde,best_of
5601,0.036825511352761776,fde,best_of
5602,1.232885076275405,fde,best_of
5603,0.5101849549113361,fde,best_of
5604,0.2496221447393222,fde,best_of
5605,0.5164757854978234,fde,best_of
5606,0.03758786266502711,fde,best_of
5607,0.10879560580728294,fde,best_of
5608,0.7226671895589281,fde,best_of
5609,0.27435837048181133,fde,best_of
5610,0.4762626621405635,fde,best_of
5611,0.038329922771241656,fde,best_of
5612,0.134916474513191,fde,best_of
5613,0.2811867087018654,fde,best_of
5614,0.037062303375648406,fde,best_of
5615,0.19578425831060528,fde,best_of
5616,0.03805437187623485,fde,best_of
5617,0.03612434813158747,fde,best_of
5618,0.14797537904941288,fde,best_of
5619,0.03852531427567033,fde,best_of
5620,0.16025877452630563,fde,best_of
5621,0.04130397495239521,fde,best_of
5622,0.3601157214996868,fde,best_of
5623,0.1822677359680838,fde,best_of
5624,0.04139186591160268,fde,best_of
5625,0.3405125421424604,fde,best_of
5626,0.09481630976978513,fde,best_of
5627,0.05865155391781028,fde,best_of
5628,0.039318202601738905,fde,best_of
5629,0.24996619707603415,fde,best_of
5630,0.10250169822125486,fde,best_of
5631,0.10231410058171415,fde,best_of
5632,0.03501539770359086,fde,best_of
5633,0.2575224619143573,fde,best_of
5634,0.12921658481560055,fde,best_of
5635,0.11334465320492705,fde,best_of
5636,0.03697584934925437,fde,best_of
5637,0.17110955640441786,fde,best_of
5638,0.24912332456194072,fde,best_of
5639,0.010872147266853038,fde,best_of
5640,0.03889356455736682,fde,best_of
5641,0.39391083709187935,fde,best_of
5642,0.34141640127838085,fde,best_of
5643,0.42150046905393757,fde,best_of
5644,0.038898410515021214,fde,best_of
5645,0.32292286384762625,fde,best_of
5646,0.2844375768246184,fde,best_of
5647,0.3734711448838048,fde,best_of
5648,0.03907271783412004,fde,best_of
5649,0.08674863111741425,fde,best_of
5650,0.23582064997987212,fde,best_of
5651,0.4651029211401213,fde,best_of
5652,0.0392926517201719,fde,best_of
5653,0.15790445497019726,fde,best_of
5654,0.0637270290999182,fde,best_of
5655,0.36582496895331845,fde,best_of
5656,0.03952097067934781,fde,best_of
5657,0.1471632694604754,fde,best_of
5658,0.29311641189130455,fde,best_of
5659,0.36195124711322557,fde,best_of
5660,0.03515902675812491,fde,best_of
5661,0.2403135972992749,fde,best_of
5662,0.1957776407857544,fde,best_of
5663,0.29459320375193127,fde,best_of
5664,0.035158836695968455,fde,best_of
5665,0.25484073527052525,fde,best_of
5666,0.34493487077455054,fde,best_of
5667,0.3479729446061149,fde,best_of
5668,0.035159114118217843,fde,best_of
5669,0.35622874788028436,fde,best_of
5670,0.28993230665240777,fde,best_of
5671,0.23404028377083785,fde,best_of
5672,0.03515892405603653,fde,best_of
5673,0.33933795225282104,fde,best_of
5674,0.128526775214333,fde,best_of
5675,0.18900124856403983,fde,best_of
5676,0.0351587339958308,fde,best_of
5677,0.32957590714244617,fde,best_of
5678,0.230674896470082,fde,best_of
5679,0.20883694344742254,fde,best_of
5680,0.03406792164636465,fde,best_of
5681,0.26052088481737173,fde,best_of
5682,0.3144375050790712,fde,best_of
5683,0.20002623851285758,fde,best_of
5684,0.033011073550830494,fde,best_of
5685,0.37275649782929954,fde,best_of
5686,0.2026021399631104,fde,best_of
5687,0.09951731102806544,fde,best_of
5688,0.03437432339613315,fde,best_of
5689,0.28196178402326516,fde,best_of
5690,0.05255157446499316,fde,best_of
5691,0.03499850138464737,fde,best_of
5692,0.10819090245665562,fde,best_of
5693,0.09516631582938981,fde,best_of
5694,0.03503267265975263,fde,best_of
5695,0.1406201361580616,fde,best_of
5696,0.12108651409362178,fde,best_of
5697,0.03719467557912836,fde,best_of
5698,0.11959294046521791,fde,best_of
5699,0.03751310360125816,fde,best_of
5700,0.07685661508081573,fde,best_of
5701,0.03383802268704117,fde,best_of
5702,0.04261545245429297,fde,best_of
5703,0.1285300620165405,fde,best_of
5704,0.03361076511734309,fde,best_of
5705,0.030629694076878506,fde,best_of
5706,0.048057785654195606,fde,best_of
5707,0.24062445290494397,fde,best_of
5708,0.034307821046408046,fde,best_of
5709,0.07380451600227882,fde,best_of
5710,0.07856866101712175,fde,best_of
5711,0.2319945688948792,fde,best_of
5712,0.03416677761637882,fde,best_of
5713,0.023164403173266745,fde,best_of
5714,0.08124793468756827,fde,best_of
5715,0.23085178381722501,fde,best_of
5716,0.03463246144747168,fde,best_of
5717,0.02517765533750495,fde,best_of
5718,0.22863719834928717,fde,best_of
5719,0.09173622636182494,fde,best_of
5720,0.03478336868732256,fde,best_of
5721,0.042925612774494755,fde,best_of
5722,0.3324902414506219,fde,best_of
5723,0.03929530134499046,fde,best_of
5724,0.034741216040877085,fde,best_of
5725,0.16790264391982526,fde,best_of
5726,0.11339880640613798,fde,best_of
5727,0.18123187899575124,fde,best_of
5728,0.19362366831360242,fde,best_of
5729,0.26672824023075214,fde,best_of
5730,0.03515878195936739,fde,best_of
5731,0.26024996193644573,fde,best_of
5732,0.18702868394044397,fde,best_of
5733,0.46502824777138463,fde,best_of
5734,0.2364972022469201,fde,best_of
5735,0.3302771789809492,fde,best_of
5736,0.27198545651665046,fde,best_of
5737,0.03515905938252781,fde,best_of
5738,0.30060478084898024,fde,best_of
5739,0.04172128539150171,fde,best_of
5740,0.08222379558468897,fde,best_of
5741,0.2660245528136503,fde,best_of
5742,0.3010256929763552,fde,best_of
5743,0.2952737117605961,fde,best_of
5744,0.035158869321339166,fde,best_of
5745,0.41426044908004994,fde,best_of
5746,0.12899406265972274,fde,best_of
5747,0.5782908808068037,fde,best_of
5748,0.5523663458600262,fde,best_of
5749,0.492893059819576,fde,best_of
5750,0.2062611150169393,fde,best_of
5751,0.25414988024383556,fde,best_of
5752,0.035159146742688385,fde,best_of
5753,0.6408699820573281,fde,best_of
5754,0.02738021241265689,fde,best_of
5755,0.575727142381636,fde,best_of
5756,0.47546072246312593,fde,best_of
5757,0.4347291627380533,fde,best_of
5758,0.2446704587824436,fde,best_of
5759,0.19154254976416019,fde,best_of
5760,0.0351589566824659,fde,best_of
5761,0.3608565654648022,fde,best_of
5762,0.20278401333969,fde,best_of
5763,0.4578637700449103,fde,best_of
5764,0.1474102501876917,fde,best_of
5765,0.43609164358853586,fde,best_of
5766,0.15182034940880887,fde,best_of
5767,0.15360805318011655,fde,best_of
5768,0.5189470354043925,fde,best_of
5769,0.03515881361348408,fde,best_of
5770,0.17697594160996222,fde,best_of
5771,0.26434934718997954,fde,best_of
5772,0.38012070364950057,fde,best_of
5773,0.28060024714860365,fde,best_of
5774,0.2316415471842111,fde,best_of
5775,0.04424679788884694,fde,best_of
5776,0.19225162542103466,fde,best_of
5777,0.5663093948572193,fde,best_of
5778,0.03515909103442214,fde,best_of
5779,0.5232596091924387,fde,best_of
5780,0.29530874568271415,fde,best_of
5781,0.27873132736226364,fde,best_of
5782,0.27583505288106985,fde,best_of
5783,0.4105099887932043,fde,best_of
5784,0.18432052806452726,fde,best_of
5785,0.32094171298887797,fde,best_of
5786,0.39859727261212063,fde,best_of
5787,0.035158900973272275,fde,best_of
5788,1.0683309855431258,fde,best_of
5789,0.31230376077909233,fde,best_of
5790,0.28318592311188545,fde,best_of
5791,0.1103684789306761,fde,best_of
5792,0.26205915929687934,fde,best_of
5793,0.3424132255009904,fde,best_of
5794,0.03515917839634147,fde,best_of
5795,1.5620428070841494,fde,best_of
5796,0.3299970818914455,fde,best_of
5797,0.42915878543080854,fde,best_of
5798,0.256325543093655,fde,best_of
5799,0.2697899372276909,fde,best_of
5800,0.4125100800074112,fde,best_of
5801,0.03515898833418664,fde,best_of
5802,0.46401286800133335,fde,best_of
5803,0.3756336399094808,fde,best_of
5804,0.26587001843838864,fde,best_of
5805,0.6588930863545815,fde,best_of
5806,0.13814049437037487,fde,best_of
5807,0.3130149216623051,fde,best_of
5808,0.03515879827301706,fde,best_of
5809,0.5635744240711696,fde,best_of
5810,0.26283694116714124,fde,best_of
5811,0.2950555787107583,fde,best_of
5812,0.03515907569424611,fde,best_of
5813,0.35657466149861,fde,best_of
5814,0.29112004097153854,fde,best_of
5815,0.03515888563404235,fde,best_of
5816,0.669581997889251,fde,best_of
5817,0.035158695572852346,fde,best_of
5818,0.5417023232993328,fde,best_of
5819,0.03515901998624162,fde,best_of
5820,0.27202566847283877,fde,best_of
5821,0.11352418472665919,fde,best_of
5822,0.03404611413043542,fde,best_of
5823,0.5159259627038677,fde,best_of
5824,0.22733555288390608,fde,best_of
5825,0.03524320409988729,fde,best_of
5826,0.2902906224291053,fde,best_of
5827,0.03131847018895221,fde,best_of
5828,0.24140168237809773,fde,best_of
5829,0.03221678001215343,fde,best_of
5830,0.06429845907981155,fde,best_of
5831,0.018775075631074323,fde,best_of
5832,0.18781142388826838,fde,best_of
5833,0.13954995704355666,fde,best_of
5834,0.08623619588970709,fde,best_of
5835,0.283033457658746,fde,best_of
5836,0.2493345203207181,fde,best_of
5837,0.3171819779004418,fde,best_of
5838,0.17624498310467537,fde,best_of
5839,0.34159400958163844,fde,best_of
5840,0.13511862748967007,fde,best_of
5841,0.2718301586729727,fde,best_of
5842,0.3019914309316283,fde,best_of
5843,0.16359592496074277,fde,best_of
5844,0.33449105280038727,fde,best_of
5845,0.27243733400200676,fde,best_of
5846,0.37778388907805055,fde,best_of
5847,0.2366766397133584,fde,best_of
5848,0.2790975598486279,fde,best_of
5849,0.2537092436869793,fde,best_of
5850,0.3255828342203955,fde,best_of
5851,0.14008007723478733,fde,best_of
5852,0.25904538660178017,fde,best_of
5853,0.40205420276948167,fde,best_of
5854,0.08809225504656829,fde,best_of
5855,0.3841214379855454,fde,best_of
5856,0.2337469766332647,fde,best_of
5857,0.2517282362214502,fde,best_of
5858,0.24975268407619425,fde,best_of
5859,0.09497434761365194,fde,best_of
5860,0.28026966117647084,fde,best_of
5861,0.14863960276827115,fde,best_of
5862,0.1829071883698856,fde,best_of
5863,0.010190296477660135,fde,best_of
5864,0.31038261606732725,fde,best_of
5865,0.27931004458359887,fde,best_of
5866,0.3097979185712125,fde,best_of
5867,0.10389837819923214,fde,best_of
5868,0.31015936348218315,fde,best_of
5869,0.1709486108694129,fde,best_of
5870,0.2539164487465182,fde,best_of
5871,0.2923842297153708,fde,best_of
5872,0.11899851806920415,fde,best_of
5873,0.1321849179326975,fde,best_of
5874,0.16400481865479224,fde,best_of
5875,0.1686169701646279,fde,best_of
5876,0.17884608540299024,fde,best_of
5877,0.23268150625082143,fde,best_of
5878,0.19207502615637848,fde,best_of
5879,0.07997865720771732,fde,best_of
5880,0.2611132821338107,fde,best_of
5881,0.21379320638497018,fde,best_of
5882,0.3343031340477357,fde,best_of
5883,0.21288520391183338,fde,best_of
5884,0.23292269307166838,fde,best_of
5885,0.26210016281488024,fde,best_of
5886,0.39523366272946264,fde,best_of
5887,0.11941808966583163,fde,best_of
5888,0.14559245029950021,fde,best_of
5889,0.30978001920655396,fde,best_of
5890,0.42474618163465744,fde,best_of
5891,0.05889480285875487,fde,best_of
5892,0.14792604593449488,fde,best_of
5893,0.32766930611901185,fde,best_of
5894,0.36597958371552086,fde,best_of
5895,0.055624991518565266,fde,best_of
5896,0.20924808328667302,fde,best_of
5897,0.28080765537118546,fde,best_of
5898,0.3309529814577903,fde,best_of
5899,0.09821956115003194,fde,best_of
5900,0.12307091499153498,fde,best_of
5901,0.12216972926086818,fde,best_of
5902,0.2542665943393893,fde,best_of
5903,0.2042192460148395,fde,best_of
5904,0.11882324050865972,fde,best_of
5905,0.2307549987201947,fde,best_of
5906,0.11820460559886256,fde,best_of
5907,0.06779751067271057,fde,best_of
5908,0.030220997814564245,fde,best_of
5909,0.1606707954713066,fde,best_of
